crashID  RmeshblockID	GISmeshblockID
2801504	1233200	1231900
2801561	1243300	1243200
2801920	1204813	1204812
2801972	1200300	1200700
2802370	1207003	1206902
2802801	1297400	1297901
2803516	1324600	1324500
2803528	1170900	1169800
2803574	1184900	1185100
2804136	1207006	1207002
2804331	1201900	1202200
2804349	1278203	1278202
2805225	1214201	1213900
2805818	1138905	1138907
2806082	1193501	1193601
2900038	1254405	1254600
2901219	1303202	1303000
2901331	1303202	1303000
2902007	1235500	1239300
2902327	1294003	1294001
2902376	1194700	1194500
2902722	1233800	1233900
2903372	1213802	1251100
2903419	1264900	1265600
2903435	1212101	1212500
2903441	1133102	1133000
2903726	1163001	1163002
2904064	1151101	1151102
2904083	1193602	1193702
2904564	1205005	1206811
2905027	1183501	1183502
2905677	1233400	1233800
2905928	1259200	1259300
2906199	1325600	1321500
2906295	1191600	1191701
201000026	1254406	1254700
201000121	1290400	1290500
201000123	1188002	1188001
201000164	1204401	1204300
201001001	1319000	1318400
201001048	1341600	1340200
201001056	1236200	1236300
201002823	1340200	1339700
201003296	1187500	1186400
201003399	1147200	1148800
201003706	1191002	1190903
201003766	1176500	1175500
201005039	1207400	1207102
201005218	1192604	1192900
201005680	1236200	1236300
201005958	1330800	1330601
201005979	1132900	1133101
201006141	1188102	1188103
201101416	1202405	1202404
201101418	1170900	1169800
201101463	1204813	1204812
201101519	1220100	1219900
201101561	1146800	1141400
201102586	1192300	1192208
201102816	1214900	1214601
201103236	1337000	1337100
201103277	1207102	1207101
201103474	1130400	1128900
201103664	1294300	1294400
201103703	1133301	1133204
201104516	1270800	1271000
201104618	1193501	1193900
201104624	1260700	1261100
201104745	1205005	1206811
201104751	1209502	1209700
201200107	1228800	1228300
201201028	1133205	1132800
201201133	1297701	1297501
201202261	1188802	1203700
201202714	1143300	1143200
201202775	1256700	1253908
201203327	1202500	1201800
201203760	1268700	1269000
201204361	1309400	1308600
201204875	1205012	1205011
201204896	1209900	1211800
201205480	1133700	1132700
201206058	1141100	1140800
