"COUNT","Crash ID","State Highway","Worst Inj. FSMN","Crash Day","Crash Month","Crash Year","Crash Hour"
1,201000048,No,Fatal,23,03,2010,17
1,201000058,No,Fatal,06,04,2010,08
1,201000059,No,Fatal,06,04,2010,21
1,201000064,No,Fatal,17,04,2010,08
1,201000080,No,Fatal,15,05,2010,06
1,201000096,No,Fatal,18,06,2010,22
1,201000106,Yes,Fatal,24,07,2010,20
1,201000124,No,Fatal,17,09,2010,20
1,201000146,No,Fatal,17,11,2010,18
1,201000149,No,Fatal,11,11,2010,07
1,201000157,No,Fatal,09,12,2010,13
1,201000160,No,Fatal,16,12,2010,00
1,201001005,Yes,Serious,06,01,2010,16
1,201001101,Yes,Serious,08,01,2010,23
1,201001152,No,Serious,09,01,2010,00
1,201001162,No,Serious,15,01,2010,08
1,201001202,No,Serious,03,01,2010,17
1,201001207,Yes,Serious,05,02,2010,15
1,201001305,No,Serious,04,01,2010,09
1,201001472,No,Serious,02,02,2010,15
1,201001557,No,Serious,16,01,2010,06
1,201001713,No,Serious,01,02,2010,17
1,201001765,No,Serious,10,02,2010,21
1,201001809,No,Serious,15,02,2010,08
1,201001843,No,Serious,03,01,2010,16
1,201002029,No,Serious,22,02,2010,12
1,201002136,No,Serious,05,03,2010,23
1,201002158,No,Serious,26,02,2010,18
1,201002173,No,Serious,28,02,2010,02
1,201002175,No,Serious,12,04,2010,08
1,201002243,No,Serious,11,03,2010,17
1,201002250,No,Serious,09,04,2010,08
1,201002254,No,Serious,03,04,2010,16
1,201002260,No,Serious,12,03,2010,16
1,201002416,No,Serious,02,03,2010,12
1,201002457,No,Serious,24,01,2010,05
1,201002518,No,Serious,16,04,2010,23
1,201002522,No,Serious,18,03,2010,12
1,201002546,No,Serious,05,02,2010,15
1,201002688,No,Serious,16,04,2010,19
1,201002694,No,Serious,23,04,2010,20
1,201002788,No,Serious,04,02,2010,18
1,201002794,No,Serious,15,05,2010,08
1,201003196,No,Serious,12,04,2010,19
1,201003305,No,Serious,18,02,2010,13
1,201003306,No,Serious,12,05,2010,07
1,201003318,No,Serious,29,04,2010,21
1,201003511,No,Serious,27,05,2010,19
1,201003513,No,Serious,27,04,2010,11
1,201003519,Yes,Serious,29,05,2010,21
1,201003587,No,Serious,25,06,2010,20
1,201004015,No,Serious,14,07,2010,19
1,201004020,No,Serious,23,07,2010,12
1,201004034,No,Serious,24,06,2010,21
1,201004073,No,Serious,07,08,2010,18
1,201004074,No,Serious,13,08,2010,00
1,201004099,No,Serious,09,08,2010,05
1,201004202,No,Serious,10,07,2010,23
1,201004205,No,Serious,13,08,2010,11
1,201004253,No,Serious,25,07,2010,16
1,201004387,No,Serious,28,03,2010,19
1,201004391,No,Serious,01,08,2010,03
1,201004393,No,Serious,31,07,2010,11
1,201004446,No,Serious,04,05,2010,16
1,201004447,No,Serious,01,09,2010,20
1,201004454,No,Serious,19,06,2010,06
1,201004503,No,Serious,25,07,2010,11
1,201004519,No,Serious,01,08,2010,01
1,201004596,No,Serious,06,09,2010,19
1,201004693,No,Serious,11,08,2010,21
1,201004697,Yes,Serious,16,09,2010,07
1,201004701,Yes,Serious,16,06,2010,18
1,201004702,No,Serious,11,08,2010,00
1,201004706,No,Serious,05,04,2010,19
1,201004718,No,Serious,09,09,2010,13
1,201004729,No,Serious,20,09,2010,07
1,201004775,Yes,Serious,24,08,2010,08
1,201004776,Yes,Serious,20,09,2010,16
1,201004946,No,Serious,03,10,2010,13
1,201005043,Yes,Serious,07,10,2010,12
1,201005143,No,Serious,23,09,2010,15
1,201005177,No,Serious,02,10,2010,10
1,201005178,No,Serious,27,10,2010,08
1,201005181,No,Serious,21,10,2010,17
1,201005182,No,Serious,08,10,2010,15
1,201005310,Yes,Serious,11,10,2010,17
1,201005426,Yes,Serious,27,09,2010,18
1,201005495,No,Serious,12,08,2010,20
1,201005500,No,Serious,13,11,2010,20
1,201005514,No,Serious,31,10,2010,08
1,201005552,No,Serious,31,10,2010,17
1,201005565,No,Serious,18,09,2010,14
1,201005568,No,Serious,09,11,2010,16
1,201005715,Yes,Serious,30,10,2010,14
1,201005741,No,Serious,05,05,2010,02
1,201005755,No,Serious,20,10,2010,02
1,201005796,No,Serious,26,02,2010,16
1,201005820,No,Serious,08,11,2010,15
1,201005823,No,Serious,27,10,2010,15
1,201005824,No,Serious,07,12,2010,17
1,201005867,No,Serious,03,12,2010,08
1,201005876,No,Serious,19,11,2010,17
1,201006000,No,Serious,22,11,2010,21
1,201006063,No,Serious,26,12,2010,13
1,201006065,No,Serious,23,12,2010,12
1,201006087,No,Serious,25,11,2010,17
1,201006182,No,Serious,09,11,2010,06
1,201006184,No,Serious,10,12,2010,17
1,201006275,No,Serious,24,10,2010,21
1,201006277,No,Serious,10,10,2010,09
1,201006377,No,Serious,31,12,2010,14
1,201006457,No,Serious,11,12,2010,18
1,201006502,No,Serious,11,05,2010,06
1,201006514,No,Serious,08,09,2010,10
1,201100005,No,Fatal,05,01,2011,00
1,201100019,No,Fatal,03,02,2011,17
1,201100029,No,Fatal,16,03,2011,00
1,201100031,No,Fatal,17,03,2011,18
1,201100040,Yes,Fatal,04,04,2011,17
1,201100054,No,Fatal,27,05,2011,08
1,201100060,No,Fatal,15,06,2011,11
1,201100065,Yes,Fatal,30,06,2011,20
1,201100072,No,Fatal,15,07,2011,06
1,201100082,No,Fatal,17,08,2011,17
1,201100101,No,Fatal,20,09,2011,13
1,201100109,No,Fatal,24,10,2011,02
1,201100114,No,Fatal,21,11,2011,08
1,201100129,No,Fatal,13,12,2011,15
1,201101115,No,Serious,09,01,2011,07
1,201101144,No,Serious,09,01,2011,07
1,201101217,No,Serious,19,01,2011,06
1,201101246,No,Serious,17,01,2011,14
1,201101255,No,Serious,28,01,2011,08
1,201101256,No,Serious,20,01,2011,10
1,201101293,No,Serious,08,02,2011,00
1,201101328,No,Serious,22,02,2011,09
1,201101355,No,Serious,07,02,2011,08
1,201101377,No,Serious,04,02,2011,08
1,201101718,No,Serious,17,02,2011,16
1,201101727,No,Serious,06,03,2011,00
1,201101767,Yes,Serious,20,01,2011,14
1,201101839,No,Serious,26,02,2011,06
1,201101880,No,Serious,02,03,2011,06
1,201101918,No,Serious,08,03,2011,09
1,201101920,No,Serious,01,03,2011,18
1,201101999,No,Serious,26,03,2011,14
1,201102178,No,Serious,10,03,2011,07
1,201102206,No,Serious,01,03,2011,17
1,201102211,No,Serious,22,03,2011,17
1,201102238,No,Serious,25,03,2011,17
1,201102249,No,Serious,28,03,2011,18
1,201102414,No,Serious,13,04,2011,20
1,201102434,No,Serious,10,04,2011,02
1,201102435,No,Serious,01,04,2011,08
1,201102442,No,Serious,07,04,2011,18
1,201102443,No,Serious,09,04,2011,18
1,201102444,No,Serious,12,03,2011,17
1,201102451,No,Serious,24,04,2011,01
1,201102504,No,Serious,25,02,2011,23
1,201102531,No,Serious,22,04,2011,13
1,201102543,Yes,Serious,16,04,2011,09
1,201102574,No,Serious,10,04,2011,00
1,201102583,No,Serious,01,03,2011,08
1,201102637,No,Serious,01,05,2011,19
1,201102641,No,Serious,23,03,2011,08
1,201102711,No,Serious,17,03,2011,15
1,201102759,Yes,Serious,29,03,2011,16
1,201102766,No,Serious,16,04,2011,07
1,201102782,No,Serious,21,05,2011,23
1,201102850,No,Serious,14,03,2011,08
1,201102858,No,Serious,07,05,2011,13
1,201102875,No,Serious,10,05,2011,19
1,201103087,No,Serious,26,05,2011,18
1,201103093,No,Serious,17,05,2011,16
1,201103094,No,Serious,11,05,2011,06
1,201103130,No,Serious,30,06,2011,17
1,201103143,No,Serious,22,06,2011,08
1,201103148,Yes,Serious,28,03,2011,09
1,201103187,No,Serious,24,06,2011,21
1,201103386,No,Serious,20,05,2011,18
1,201103440,No,Serious,23,06,2011,07
1,201103459,No,Serious,18,04,2011,09
1,201103471,No,Serious,08,06,2011,08
1,201103506,No,Serious,18,07,2011,17
1,201103536,No,Serious,07,07,2011,19
1,201103842,No,Serious,08,07,2011,02
1,201103852,No,Serious,01,06,2011,08
1,201103859,No,Serious,04,08,2011,07
1,201103861,No,Serious,19,06,2011,14
1,201103906,Yes,Serious,27,07,2011,17
1,201103974,No,Serious,19,08,2011,01
1,201104004,No,Serious,17,06,2011,23
1,201104056,No,Serious,25,06,2011,23
1,201104061,No,Serious,27,07,2011,03
1,201104073,No,Serious,14,08,2011,05
1,201104079,No,Serious,06,06,2011,23
1,201104102,Yes,Serious,29,05,2011,04
1,201104144,No,Serious,17,07,2011,03
1,201104155,No,Serious,31,05,2011,13
1,201104200,Yes,Serious,12,08,2011,04
1,201104239,Yes,Serious,16,09,2011,15
1,201104242,No,Serious,22,08,2011,08
1,201104272,Yes,Serious,21,09,2011,08
1,201104276,Yes,Serious,24,09,2011,15
1,201104298,No,Serious,17,07,2011,23
1,201104335,No,Serious,14,09,2011,11
1,201104336,No,Serious,02,09,2011,15
1,201104376,No,Serious,20,09,2011,15
1,201104803,No,Serious,03,09,2011,01
1,201104805,No,Serious,20,09,2011,15
1,201104825,No,Serious,31,03,2011,07
1,201104840,No,Serious,07,09,2011,11
1,201104850,No,Serious,10,06,2011,22
1,201104907,No,Serious,08,10,2011,09
1,201104931,No,Serious,21,10,2011,19
1,201104993,No,Serious,25,09,2011,00
1,201105016,No,Serious,06,08,2011,08
1,201105020,No,Serious,22,07,2011,21
1,201105026,No,Serious,24,09,2011,11
1,201105073,No,Serious,18,10,2011,16
1,201105096,No,Serious,17,11,2011,06
1,201105099,No,Serious,31,10,2011,17
1,201105104,No,Serious,23,02,2011,15
1,201105107,No,Serious,24,10,2011,21
1,201105151,No,Serious,19,10,2011,17
1,201105231,No,Serious,26,11,2011,22
1,201105264,No,Serious,17,11,2011,12
1,201105297,No,Serious,06,11,2011,10
1,201105354,No,Serious,22,11,2011,17
1,201105361,No,Serious,09,12,2011,18
1,201105469,No,Serious,02,11,2011,21
1,201105471,Yes,Serious,12,12,2011,08
1,201105484,No,Serious,14,12,2011,14
1,201105495,Yes,Serious,19,10,2011,13
1,201105500,No,Serious,12,11,2011,23
1,201105517,No,Serious,20,11,2011,06
1,201105521,No,Serious,29,12,2011,18
1,201105537,No,Serious,13,07,2011,12
1,201105793,No,Serious,03,12,2011,08
1,201105813,No,Serious,09,09,2011,18
1,201105874,No,Serious,03,11,2011,07
1,201105954,No,Serious,22,09,2011,20
1,201105958,No,Serious,04,10,2011,20
1,201106033,No,Serious,19,12,2011,09
1,201106062,No,Serious,25,12,2011,13
1,201106078,No,Serious,14,11,2011,12
1,201106094,No,Serious,09,09,2011,05
1,201106096,No,Serious,02,05,2011,09
1,201106098,Yes,Serious,10,09,2011,09
1,201200002,No,Fatal,07,01,2012,02
1,201200005,No,Fatal,12,01,2012,02
1,201200024,Yes,Fatal,28,02,2012,21
1,201200026,No,Fatal,03,03,2012,05
1,201200032,Yes,Fatal,23,03,2012,00
1,201200066,No,Fatal,08,08,2012,13
1,201200076,No,Fatal,02,09,2012,02
1,201200080,No,Fatal,08,09,2012,07
1,201201419,No,Serious,02,02,2012,17
1,201201484,No,Serious,16,01,2012,15
1,201201503,No,Serious,10,01,2012,10
1,201201551,No,Serious,12,02,2012,07
1,201201564,No,Serious,11,02,2012,02
1,201201585,No,Serious,31,01,2012,15
1,201201615,No,Serious,15,01,2012,13
1,201201697,No,Serious,16,01,2012,15
1,201201786,No,Serious,06,03,2012,10
1,201201832,No,Serious,12,03,2012,17
1,201201835,No,Serious,22,03,2012,14
1,201201842,No,Serious,08,02,2012,08
1,201201845,No,Serious,23,03,2012,23
1,201201851,No,Serious,17,02,2012,01
1,201201881,No,Serious,21,03,2012,11
1,201202007,No,Serious,16,03,2012,15
1,201202033,No,Serious,22,03,2012,07
1,201202088,Yes,Serious,17,04,2012,15
1,201202112,No,Serious,31,03,2012,06
1,201202119,No,Serious,04,01,2012,11
1,201202316,No,Serious,16,02,2012,01
1,201202324,No,Serious,27,04,2012,13
1,201202325,Yes,Serious,22,04,2012,19
1,201202360,No,Serious,10,05,2012,11
1,201202367,No,Serious,10,05,2012,12
1,201202495,No,Serious,22,05,2012,12
1,201202582,No,Serious,21,04,2012,21
1,201202605,No,Serious,22,01,2012,03
1,201202627,No,Serious,24,01,2012,16
1,201202649,No,Serious,06,05,2012,09
1,201202867,No,Serious,05,04,2012,20
1,201202931,No,Serious,08,03,2012,12
1,201202979,No,Serious,29,05,2012,16
1,201203020,No,Serious,30,05,2012,16
1,201203092,No,Serious,07,06,2012,18
1,201203105,Yes,Serious,02,03,2012,18
1,201203157,No,Serious,25,07,2012,20
1,201203158,No,Serious,16,06,2012,12
1,201203200,No,Serious,02,05,2012,18
1,201203201,No,Serious,06,06,2012,17
1,201203202,No,Serious,14,06,2012,11
1,201203254,No,Serious,30,07,2012,15
1,201203257,No,Serious,16,07,2012,06
1,201203283,No,Serious,01,08,2012,16
1,201203339,No,Serious,29,06,2012,22
1,201203488,No,Serious,23,07,2012,06
1,201203615,No,Serious,24,04,2012,18
1,201203639,Yes,Serious,23,05,2012,19
1,201203825,No,Serious,01,06,2012,23
1,201203828,No,Serious,21,07,2012,03
1,201203840,No,Serious,25,07,2012,18
1,201203855,No,Serious,03,08,2012,14
1,201204069,No,Serious,06,03,2012,21
1,201204082,No,Serious,11,08,2012,22
1,201204134,No,Serious,30,04,2012,12
1,201204135,Yes,Serious,08,07,2012,11
1,201204152,No,Serious,25,08,2012,03
1,201204165,No,Serious,16,08,2012,17
1,201204231,No,Serious,22,07,2012,07
1,201204248,No,Serious,25,08,2012,00
1,201204255,No,Serious,04,09,2012,17
1,201204264,No,Serious,16,09,2012,04
1,201204275,No,Serious,01,09,2012,09
1,201204341,No,Serious,26,07,2012,05
1,201204502,Yes,Serious,24,09,2012,02
1,201204504,No,Serious,16,07,2012,21
1,201204589,No,Serious,01,03,2012,16
1,201204591,No,Serious,10,08,2012,11
1,201204723,No,Serious,10,06,2012,00
1,201204743,No,Serious,03,10,2012,12
1,201204747,No,Serious,19,10,2012,18
1,201204753,No,Serious,11,10,2012,06
1,201204773,No,Serious,12,05,2012,01
1,201204925,No,Serious,26,07,2012,22
1,201204989,No,Serious,04,11,2012,14
1,201205038,No,Serious,07,11,2012,15
1,201205076,No,Serious,09,09,2012,21
1,201205087,No,Serious,06,11,2012,09
1,201205110,No,Serious,21,06,2012,12
1,201205131,No,Serious,29,11,2012,12
1,201205189,No,Serious,31,12,2012,12
1,201205336,No,Serious,05,06,2012,06
1,201205337,No,Serious,14,11,2012,17
1,201205338,No,Serious,14,11,2012,14
1,201205376,No,Serious,17,12,2012,17
1,201205383,No,Serious,11,12,2012,05
1,201205498,No,Serious,09,12,2012,22
1,201205510,No,Serious,07,11,2012,15
1,201205511,Yes,Serious,27,11,2012,13
1,201205535,No,Serious,18,11,2012,18
1,201206031,No,Serious,21,04,2012,18
1,201206037,No,Serious,18,12,2012,08
1,201206044,Yes,Serious,10,12,2012,12
1,201206074,No,Serious,27,06,2012,22
1,201206083,No,Serious,09,10,2012,08
1,201206087,No,Serious,14,12,2012,15
1,2800007,No,Fatal,13,01,2008,07
1,2800009,No,Fatal,15,01,2008,11
1,2800015,Yes,Fatal,26,01,2008,19
1,2800023,No,Fatal,07,02,2008,23
1,2800135,No,Fatal,11,10,2008,03
1,2800143,No,Fatal,06,11,2008,23
1,2800147,No,Fatal,17,11,2008,20
1,2801003,No,Serious,04,01,2008,20
1,2801070,Yes,Serious,14,01,2008,13
1,2801096,No,Serious,15,01,2008,12
1,2801216,No,Serious,17,01,2008,16
1,2801310,No,Serious,09,02,2008,00
1,2801311,No,Serious,30,01,2008,20
1,2801315,No,Serious,12,01,2008,04
1,2801335,No,Serious,01,02,2008,13
1,2801337,No,Serious,01,02,2008,19
1,2801339,No,Serious,15,02,2008,23
1,2801397,No,Serious,21,01,2008,23
1,2801641,No,Serious,18,01,2008,21
1,2801726,No,Serious,26,02,2008,18
1,2801728,No,Serious,19,02,2008,17
1,2801730,No,Serious,03,02,2008,07
1,2801734,No,Serious,29,02,2008,16
1,2801771,No,Serious,04,02,2008,19
1,2801779,No,Serious,03,02,2008,15
1,2801887,No,Serious,14,03,2008,15
1,2801892,No,Serious,21,02,2008,08
1,2801895,No,Serious,03,03,2008,20
1,2802035,Yes,Serious,27,03,2008,18
1,2802117,No,Serious,16,03,2008,17
1,2802128,No,Serious,17,02,2008,03
1,2802130,No,Serious,02,04,2008,21
1,2802138,No,Serious,26,03,2008,11
1,2802242,No,Serious,07,04,2008,16
1,2802279,No,Serious,31,03,2008,08
1,2802281,No,Serious,07,04,2008,16
1,2802417,No,Serious,21,01,2008,07
1,2802437,No,Serious,24,04,2008,12
1,2802448,No,Serious,14,03,2008,18
1,2802636,No,Serious,11,03,2008,07
1,2802642,No,Serious,26,04,2008,12
1,2802664,No,Serious,18,04,2008,16
1,2802740,No,Serious,12,05,2008,18
1,2802932,No,Serious,23,01,2008,18
1,2802963,No,Serious,10,04,2008,08
1,2802988,No,Serious,10,02,2008,17
1,2802989,No,Serious,29,05,2008,19
1,2802996,No,Serious,04,05,2008,06
1,2803085,No,Serious,06,05,2008,23
1,2803086,No,Serious,14,05,2008,16
1,2803090,No,Serious,21,03,2008,12
1,2803139,No,Serious,03,06,2008,18
1,2803224,No,Serious,01,06,2008,19
1,2803225,No,Serious,17,06,2008,18
1,2803241,No,Serious,11,06,2008,18
1,2803406,No,Serious,21,06,2008,13
1,2803439,No,Serious,09,05,2008,06
1,2803469,No,Serious,29,05,2008,15
1,2803470,Yes,Serious,25,01,2008,15
1,2803476,No,Serious,23,06,2008,17
1,2803480,No,Serious,25,05,2008,11
1,2803504,No,Serious,07,07,2008,16
1,2803656,No,Serious,10,06,2008,09
1,2803659,No,Serious,13,06,2008,07
1,2803730,No,Serious,24,07,2008,00
1,2803736,No,Serious,04,07,2008,06
1,2803916,No,Serious,16,07,2008,17
1,2803932,No,Serious,02,06,2008,17
1,2803963,No,Serious,10,08,2008,02
1,2804026,No,Serious,30,06,2008,09
1,2804030,No,Serious,10,06,2008,15
1,2804078,No,Serious,10,05,2008,12
1,2804080,No,Serious,10,08,2008,07
1,2804097,No,Serious,07,06,2008,23
1,2804200,No,Serious,12,04,2008,00
1,2804207,No,Serious,10,08,2008,09
1,2804217,No,Serious,16,05,2008,15
1,2804234,Yes,Serious,13,07,2008,00
1,2804247,Yes,Serious,19,06,2008,03
1,2804248,Yes,Serious,19,07,2008,07
1,2804256,No,Serious,29,08,2008,22
1,2804268,No,Serious,08,08,2008,23
1,2804274,No,Serious,06,08,2008,20
1,2804426,No,Serious,21,07,2008,07
1,2804443,No,Serious,19,08,2008,01
1,2804447,No,Serious,11,09,2008,17
1,2804452,Yes,Serious,18,09,2008,06
1,2804456,No,Serious,14,08,2008,18
1,2804487,No,Serious,13,08,2008,22
1,2804488,No,Serious,09,09,2008,00
1,2804648,Yes,Serious,28,09,2008,04
1,2804666,No,Serious,21,09,2008,14
1,2804800,No,Serious,19,05,2008,09
1,2804829,No,Serious,22,09,2008,11
1,2804984,No,Serious,21,09,2008,12
1,2804985,No,Serious,16,09,2008,08
1,2805021,No,Serious,19,07,2008,14
1,2805181,No,Serious,17,10,2008,11
1,2805375,No,Serious,01,11,2008,14
1,2805390,Yes,Serious,28,10,2008,02
1,2805452,No,Serious,02,11,2008,15
1,2805515,No,Serious,02,10,2008,02
1,2805626,No,Serious,15,11,2008,06
1,2805673,No,Serious,06,11,2008,11
1,2805702,No,Serious,01,10,2008,01
1,2805704,No,Serious,11,10,2008,04
1,2805705,No,Serious,07,10,2008,17
1,2805709,No,Serious,23,11,2008,20
1,2805712,No,Serious,16,11,2008,05
1,2805790,Yes,Serious,13,08,2008,14
1,2805796,No,Serious,09,12,2008,20
1,2805883,No,Serious,02,12,2008,22
1,2805914,No,Serious,29,11,2008,07
1,2806097,No,Serious,23,09,2008,20
1,2806098,No,Serious,28,12,2008,16
1,2806119,No,Serious,24,12,2008,08
1,2806121,No,Serious,22,11,2008,12
1,2806207,Yes,Serious,07,12,2008,21
1,2806234,No,Serious,12,12,2008,07
1,2806248,No,Serious,20,12,2008,14
1,2806266,Yes,Serious,02,11,2008,14
1,2806339,No,Serious,10,12,2008,15
1,2806377,No,Serious,29,08,2008,11
1,2806394,No,Serious,04,03,2008,21
1,2806461,No,Serious,04,12,2008,07
1,2806481,No,Serious,17,12,2008,09
1,2806488,Yes,Serious,14,11,2008,21
1,2806521,No,Serious,25,09,2008,02
1,2806535,No,Serious,10,08,2008,05
1,2806558,No,Serious,24,05,2008,07
1,2806583,No,Serious,15,11,2008,01
1,2806595,No,Serious,06,07,2008,13
1,2806609,No,Serious,04,11,2008,12
1,2806610,No,Serious,05,09,2008,13
1,2806614,No,Serious,16,06,2008,21
1,2806615,No,Serious,28,10,2008,18
1,2806617,No,Serious,14,12,2008,14
1,2900007,No,Fatal,12,01,2009,21
1,2900009,No,Fatal,14,01,2009,10
1,2900019,No,Fatal,29,01,2009,18
1,2900021,No,Fatal,06,02,2009,22
1,2900030,No,Fatal,25,02,2009,20
1,2900116,No,Fatal,19,07,2009,17
1,2900118,Yes,Fatal,21,07,2009,03
1,2900138,No,Fatal,07,09,2009,19
1,2900174,No,Fatal,14,12,2009,13
1,2901018,Yes,Serious,13,01,2009,06
1,2901101,No,Serious,03,02,2009,08
1,2901103,No,Serious,23,01,2009,17
1,2901104,No,Serious,05,01,2009,18
1,2901193,No,Serious,16,01,2009,15
1,2901422,No,Serious,15,01,2009,08
1,2901450,Yes,Serious,10,02,2009,21
1,2901523,No,Serious,08,02,2009,04
1,2901524,No,Serious,22,01,2009,13
1,2901546,No,Serious,13,02,2009,16
1,2901583,Yes,Serious,03,03,2009,05
1,2901594,No,Serious,10,02,2009,14
1,2901635,No,Serious,20,02,2009,17
1,2901654,No,Serious,22,02,2009,13
1,2901655,No,Serious,23,02,2009,18
1,2901686,No,Serious,21,02,2009,09
1,2901887,No,Serious,05,03,2009,13
1,2901892,Yes,Serious,13,03,2009,02
1,2901928,Yes,Serious,19,03,2009,12
1,2901956,No,Serious,08,03,2009,05
1,2901997,No,Serious,07,03,2009,16
1,2902168,Yes,Serious,15,03,2009,00
1,2902196,No,Serious,01,04,2009,04
1,2902236,No,Serious,22,01,2009,12
1,2902256,No,Serious,07,03,2009,17
1,2902288,No,Serious,19,02,2009,22
1,2902290,No,Serious,23,04,2009,18
1,2902417,Yes,Serious,28,03,2009,07
1,2902492,No,Serious,04,04,2009,16
1,2902496,No,Serious,25,03,2009,09
1,2902498,No,Serious,05,05,2009,08
1,2902516,No,Serious,20,04,2009,15
1,2902534,No,Serious,26,04,2009,19
1,2902644,No,Serious,24,04,2009,18
1,2902650,No,Serious,02,04,2009,04
1,2902652,No,Serious,11,05,2009,18
1,2902683,Yes,Serious,28,05,2009,15
1,2902807,Yes,Serious,19,04,2009,03
1,2902811,No,Serious,11,03,2009,11
1,2902872,No,Serious,16,04,2009,23
1,2902873,No,Serious,09,06,2009,07
1,2902945,Yes,Serious,10,05,2009,17
1,2902949,No,Serious,20,03,2009,11
1,2903122,No,Serious,26,02,2009,12
1,2903130,No,Serious,21,02,2009,23
1,2903134,Yes,Serious,20,04,2009,08
1,2903213,No,Serious,03,05,2009,18
1,2903244,No,Serious,19,06,2009,16
1,2903247,No,Serious,25,06,2009,10
1,2903253,No,Serious,28,05,2009,16
1,2903254,No,Serious,15,06,2009,08
1,2903269,Yes,Serious,25,05,2009,12
1,2903330,No,Serious,18,06,2009,08
1,2903331,No,Serious,30,06,2009,15
1,2903337,No,Serious,06,02,2009,23
1,2903503,No,Serious,16,07,2009,10
1,2903570,No,Serious,16,06,2009,20
1,2903573,No,Serious,17,07,2009,21
1,2903607,No,Serious,29,05,2009,08
1,2903628,No,Serious,25,02,2009,07
1,2903682,No,Serious,30,06,2009,09
1,2903687,No,Serious,27,05,2009,22
1,2903689,No,Serious,13,05,2009,08
1,2903781,No,Serious,20,06,2009,15
1,2903784,No,Serious,30,05,2009,15
1,2903787,No,Serious,03,07,2009,18
1,2903817,Yes,Serious,27,06,2009,17
1,2903873,No,Serious,22,07,2009,17
1,2903874,No,Serious,19,07,2009,00
1,2903878,No,Serious,16,05,2009,23
1,2903891,No,Serious,16,08,2009,16
1,2903957,No,Serious,25,08,2009,20
1,2903971,No,Serious,21,07,2009,07
1,2903979,No,Serious,13,08,2009,18
1,2904157,No,Serious,03,09,2009,02
1,2904302,No,Serious,21,07,2009,23
1,2904305,No,Serious,15,06,2009,17
1,2904487,No,Serious,29,08,2009,12
1,2904658,No,Serious,14,09,2009,07
1,2904659,No,Serious,10,06,2009,17
1,2904678,No,Serious,01,08,2009,11
1,2904679,No,Serious,11,08,2009,17
1,2904812,No,Serious,03,08,2009,08
1,2904858,No,Serious,29,08,2009,07
1,2904921,Yes,Serious,24,07,2009,01
1,2904953,No,Serious,24,08,2009,08
1,2904974,No,Serious,19,09,2009,05
1,2904977,No,Serious,07,10,2009,20
1,2905165,No,Serious,28,02,2009,14
1,2905171,No,Serious,03,11,2009,09
1,2905173,No,Serious,23,10,2009,17
1,2905199,No,Serious,08,09,2009,08
1,2905206,No,Serious,30,08,2009,20
1,2905235,No,Serious,12,09,2009,19
1,2905250,Yes,Serious,04,04,2009,03
1,2905256,No,Serious,18,09,2009,19
1,2905258,No,Serious,19,09,2009,12
1,2905307,No,Serious,26,09,2009,08
1,2905420,No,Serious,20,10,2009,07
1,2905426,No,Serious,21,10,2009,15
1,2905428,No,Serious,18,08,2009,20
1,2905435,No,Serious,30,09,2009,15
1,2905436,No,Serious,14,10,2009,10
1,2905520,No,Serious,23,11,2009,14
1,2905540,No,Serious,06,11,2009,11
1,2905548,No,Serious,08,11,2009,02
1,2905554,No,Serious,14,11,2009,13
1,2905745,No,Serious,04,12,2009,18
1,2905759,No,Serious,25,02,2009,18
1,2905776,Yes,Serious,28,11,2009,06
1,2905783,No,Serious,14,12,2009,22
1,2905785,No,Serious,11,11,2009,01
1,2905808,No,Serious,03,10,2009,00
1,2905855,No,Serious,27,11,2009,08
1,2905926,Yes,Serious,04,06,2009,12
1,2905963,No,Serious,04,12,2009,17
1,2905964,No,Serious,12,12,2009,22
1,2905973,No,Serious,15,12,2009,15
1,2906033,Yes,Serious,23,10,2009,21
1,2906076,No,Serious,13,12,2009,20
1,2906085,No,Serious,27,11,2009,03
1,2906208,No,Serious,24,12,2009,11
1,2906209,No,Serious,19,12,2009,15
1,2906239,No,Serious,10,07,2009,17
1,2906247,No,Serious,30,12,2009,09
1,2906262,No,Serious,15,12,2009,18
1,2906286,No,Serious,20,11,2009,15
1,2906343,No,Serious,27,08,2009,23
1,2906373,No,Serious,27,04,2009,22
1,2906386,No,Serious,20,11,2009,04
1,2906401,No,Serious,25,09,2009,16
1,2906417,No,Serious,27,11,2009,14
1,2906459,No,Serious,05,08,2009,13
1,2906493,No,Serious,11,11,2009,01
