
1,201000001,02,01,2010,01,Fatal,No
1,201000002,02,01,2010,05,Fatal,Yes
1,201000012,13,01,2010,17,Fatal,Yes
1,201000014,21,01,2010,23,Fatal,No
1,201000015,22,01,2010,16,Fatal,No
1,201000017,30,01,2010,14,Fatal,Yes
1,201000019,31,01,2010,10,Fatal,Yes
1,201000021,02,02,2010,13,Fatal,No
1,201000026,25,02,2010,00,Fatal,Yes
1,201000028,28,02,2010,00,Fatal,No
1,201000033,06,03,2010,07,Fatal,Yes
1,201000040,15,03,2010,22,Fatal,No
1,201000044,17,03,2010,14,Fatal,Yes
1,201000054,03,04,2010,19,Fatal,Yes
1,201000060,08,04,2010,17,Fatal,Yes
1,201000061,10,04,2010,13,Fatal,No
1,201000062,10,04,2010,18,Fatal,Yes
1,201000065,17,04,2010,16,Fatal,Yes
1,201000067,17,04,2010,20,Fatal,Yes
1,201000073,26,04,2010,16,Fatal,Yes
1,201000075,30,04,2010,18,Fatal,No
1,201000077,05,05,2010,13,Fatal,Yes
1,201000081,17,05,2010,14,Fatal,Yes
1,201000082,09,05,2010,08,Fatal,No
1,201000090,30,05,2010,01,Fatal,No
1,201000101,01,07,2010,19,Fatal,No
1,201000103,12,07,2010,04,Fatal,Yes
1,201000104,13,07,2010,17,Fatal,No
1,201000107,25,07,2010,08,Fatal,Yes
1,201000108,22,07,2010,09,Fatal,Yes
1,201000112,17,07,2010,02,Fatal,Yes
1,201000115,25,08,2010,00,Fatal,No
1,201000121,09,09,2010,01,Fatal,No
1,201000123,17,09,2010,18,Fatal,No
1,201000128,07,10,2010,12,Fatal,Yes
1,201000129,07,10,2010,21,Fatal,No
1,201000130,08,10,2010,05,Fatal,Yes
1,201000132,15,10,2010,16,Fatal,Yes
1,201000137,31,10,2010,14,Fatal,Yes
1,201000138,05,11,2010,18,Fatal,Yes
1,201000140,10,11,2010,21,Fatal,Yes
1,201000144,14,11,2010,04,Fatal,Yes
1,201000150,24,11,2010,14,Fatal,Yes
1,201000156,06,12,2010,04,Fatal,Yes
1,201000164,21,12,2010,15,Fatal,No
1,201000166,29,12,2010,13,Fatal,No
1,201001001,01,01,2010,20,Serious,No
1,201001048,01,01,2010,10,Serious,Yes
1,201001050,01,01,2010,09,Serious,No
1,201001052,09,01,2010,11,Serious,No
1,201001054,07,01,2010,19,Serious,No
1,201001056,16,01,2010,14,Serious,No
1,201001058,08,01,2010,19,Serious,No
1,201001079,21,01,2010,15,Serious,Yes
1,201001093,19,01,2010,04,Serious,Yes
1,201001253,30,01,2010,12,Serious,No
1,201001289,01,02,2010,18,Serious,No
1,201001298,03,02,2010,07,Serious,No
1,201001314,09,03,2010,21,Serious,Yes
1,201001336,18,02,2010,13,Serious,Yes
1,201001351,07,03,2010,17,Serious,Yes
1,201001361,25,03,2010,13,Serious,No
1,201001362,24,03,2010,08,Serious,No
1,201001383,03,04,2010,15,Serious,No
1,201001387,31,03,2010,11,Serious,Yes
1,201001402,20,01,2010,09,Serious,No
1,201001495,11,02,2010,19,Serious,Yes
1,201001522,31,01,2010,15,Serious,Yes
1,201001530,09,02,2010,21,Serious,No
1,201001538,16,02,2010,10,Serious,Yes
1,201001545,04,02,2010,19,Serious,Yes
1,201001687,25,02,2010,12,Serious,No
1,201001789,18,02,2010,17,Serious,No
1,201001790,17,02,2010,10,Serious,Yes
1,201002205,06,03,2010,16,Serious,Yes
1,201002211,28,03,2010,02,Serious,No
1,201002213,19,02,2010,11,Serious,No
1,201002218,14,04,2010,11,Serious,No
1,201002325,10,04,2010,07,Serious,Yes
1,201002331,17,04,2010,23,Serious,Yes
1,201002339,11,04,2010,06,Serious,Yes
1,201002351,22,04,2010,19,Serious,Yes
1,201002353,02,05,2010,10,Serious,No
1,201002380,19,04,2010,18,Serious,No
1,201002381,15,05,2010,19,Serious,No
1,201002388,28,04,2010,12,Serious,No
1,201002644,10,04,2010,10,Serious,Yes
1,201002645,15,04,2010,14,Serious,Yes
1,201002821,04,05,2010,08,Serious,Yes
1,201002823,28,05,2010,11,Serious,No
1,201002870,05,06,2010,08,Serious,No
1,201002872,05,06,2010,08,Serious,No
1,201002888,02,06,2010,07,Serious,No
1,201002891,31,05,2010,08,Serious,Yes
1,201002897,29,05,2010,13,Serious,Yes
1,201003200,16,04,2010,15,Serious,No
1,201003204,06,05,2010,20,Serious,No
1,201003211,05,06,2010,04,Serious,No
1,201003213,29,05,2010,04,Serious,Yes
1,201003219,11,06,2010,17,Serious,Yes
1,201003221,09,07,2010,09,Serious,Yes
1,201003236,12,04,2010,14,Serious,Yes
1,201003238,22,05,2010,15,Serious,No
1,201003242,20,06,2010,15,Serious,Yes
1,201003246,15,06,2010,17,Serious,Yes
1,201003265,11,07,2010,07,Serious,Yes
1,201003294,23,06,2010,12,Serious,Yes
1,201003296,19,06,2010,01,Serious,Yes
1,201003299,17,06,2010,16,Serious,No
1,201003386,13,06,2010,14,Serious,No
1,201003389,08,06,2010,14,Serious,Yes
1,201003397,05,06,2010,14,Serious,Yes
1,201003399,12,06,2010,21,Serious,No
1,201003410,05,05,2010,14,Serious,Yes
1,201003412,09,06,2010,08,Serious,No
1,201003495,08,03,2010,16,Serious,Yes
1,201003497,24,01,2010,16,Serious,Yes
1,201003514,03,06,2010,09,Serious,No
1,201003527,06,03,2010,15,Serious,No
1,201003703,17,07,2010,12,Serious,Yes
1,201003706,13,06,2010,17,Serious,No
1,201003708,10,07,2010,22,Serious,No
1,201003714,15,07,2010,16,Serious,Yes
1,201003720,16,07,2010,06,Serious,Yes
1,201003748,15,07,2010,15,Serious,Yes
1,201003765,20,07,2010,17,Serious,Yes
1,201003766,24,07,2010,22,Serious,No
1,201003769,13,07,2010,17,Serious,No
1,201003776,19,07,2010,12,Serious,Yes
1,201003795,09,07,2010,15,Serious,Yes
1,201004112,19,07,2010,15,Serious,Yes
1,201004158,29,08,2010,01,Serious,No
1,201004159,10,09,2010,18,Serious,Yes
1,201004160,10,09,2010,06,Serious,Yes
1,201004162,06,09,2010,22,Serious,No
1,201004165,15,09,2010,15,Serious,Yes
1,201004179,07,09,2010,08,Serious,Yes
1,201004185,22,08,2010,05,Serious,Yes
1,201004196,06,09,2010,16,Serious,No
1,201004197,03,09,2010,23,Serious,No
1,201004199,30,08,2010,17,Serious,No
1,201004304,08,08,2010,18,Serious,No
1,201004316,13,04,2010,15,Serious,No
1,201004374,12,08,2010,07,Serious,Yes
1,201004412,23,08,2010,09,Serious,Yes
1,201004419,21,08,2010,09,Serious,No
1,201004430,23,08,2010,09,Serious,No
1,201004511,22,08,2010,20,Serious,Yes
1,201004757,03,10,2010,10,Serious,Yes
1,201004765,21,08,2010,01,Serious,Yes
1,201004800,17,06,2010,21,Serious,No
1,201004802,08,09,2010,16,Serious,Yes
1,201004804,10,09,2010,07,Serious,No
1,201004806,05,08,2010,13,Serious,No
1,201004807,03,09,2010,19,Serious,Yes
1,201004846,05,10,2010,15,Serious,No
1,201004849,17,10,2010,17,Serious,Yes
1,201004852,09,10,2010,19,Serious,Yes
1,201004853,15,08,2010,00,Serious,No
1,201004862,12,10,2010,22,Serious,Yes
1,201004868,18,10,2010,12,Serious,Yes
1,201004876,14,07,2010,12,Serious,No
1,201004880,22,10,2010,19,Serious,Yes
1,201004903,02,09,2010,15,Serious,No
1,201005039,29,09,2010,11,Serious,No
1,201005042,04,10,2010,08,Serious,No
1,201005212,19,10,2010,10,Serious,No
1,201005218,28,10,2010,21,Serious,No
1,201005222,21,10,2010,01,Serious,Yes
1,201005224,22,10,2010,09,Serious,No
1,201005248,05,11,2010,00,Serious,No
1,201005252,13,10,2010,11,Serious,Yes
1,201005264,20,11,2010,14,Serious,No
1,201005265,11,10,2010,14,Serious,Yes
1,201005266,25,10,2010,15,Serious,No
1,201005274,10,11,2010,14,Serious,Yes
1,201005276,13,11,2010,01,Serious,No
1,201005280,07,11,2010,11,Serious,No
1,201005634,24,11,2010,21,Serious,Yes
1,201005650,12,09,2010,13,Serious,No
1,201005652,15,11,2010,07,Serious,Yes
1,201005680,29,11,2010,08,Serious,Yes
1,201005689,23,11,2010,17,Serious,Yes
1,201005919,03,11,2010,14,Serious,No
1,201005939,18,12,2010,09,Serious,Yes
1,201005940,18,12,2010,17,Serious,Yes
1,201005945,19,12,2010,01,Serious,No
1,201005958,06,11,2010,03,Serious,No
1,201005959,18,12,2010,16,Serious,Yes
1,201005971,24,12,2010,10,Serious,Yes
1,201005973,22,12,2010,08,Serious,Yes
1,201005979,22,12,2010,18,Serious,No
1,201005999,07,12,2010,12,Serious,No
1,201006100,07,12,2010,17,Serious,No
1,201006102,04,12,2010,01,Serious,No
1,201006112,19,12,2010,03,Serious,No
1,201006113,16,12,2010,16,Serious,No
1,201006132,31,12,2010,22,Serious,Yes
1,201006135,29,12,2010,10,Serious,No
1,201006139,28,12,2010,14,Serious,Yes
1,201006141,07,12,2010,17,Serious,Yes
1,201006142,18,12,2010,19,Serious,No
1,201006143,09,12,2010,18,Serious,No
1,201006148,21,12,2010,15,Serious,Yes
1,201006162,24,12,2010,16,Serious,No
1,201006170,16,12,2010,20,Serious,Yes
1,201006390,22,12,2010,04,Serious,Yes
1,201006394,09,12,2010,07,Serious,No
1,201100001,01,01,2011,17,Fatal,Yes
1,201100006,11,01,2011,09,Fatal,No
1,201100011,24,01,2011,08,Fatal,Yes
1,201100022,16,02,2011,17,Fatal,Yes
1,201100026,04,03,2011,23,Fatal,Yes
1,201100037,08,04,2011,15,Fatal,No
1,201100041,15,04,2011,13,Fatal,Yes
1,201100045,04,05,2011,21,Fatal,Yes
1,201100048,03,05,2011,10,Fatal,Yes
1,201100052,20,05,2011,11,Fatal,Yes
1,201100066,06,07,2011,11,Fatal,No
1,201100073,15,07,2011,21,Fatal,Yes
1,201100078,04,08,2011,18,Fatal,Yes
1,201100087,18,08,2011,07,Fatal,Yes
1,201100089,30,08,2011,16,Fatal,Yes
1,201100093,10,09,2011,23,Fatal,Yes
1,201100096,15,09,2011,10,Fatal,Yes
1,201100098,18,09,2011,04,Fatal,Yes
1,201100099,18,09,2011,05,Fatal,Yes
1,201100104,03,10,2011,19,Fatal,No
1,201100106,17,10,2011,15,Fatal,Yes
1,201100108,23,10,2011,22,Fatal,Yes
1,201100110,30,10,2011,11,Fatal,Yes
1,201100118,27,11,2011,19,Fatal,Yes
1,201100124,08,12,2011,14,Fatal,Yes
1,201100127,06,12,2011,21,Fatal,No
1,201100131,22,12,2011,22,Fatal,Yes
1,201100132,25,12,2011,16,Fatal,No
1,201101040,06,01,2011,11,Serious,Yes
1,201101056,13,01,2011,18,Serious,No
1,201101064,31,01,2011,13,Serious,Yes
1,201101067,28,01,2011,02,Serious,No
1,201101097,30,01,2011,16,Serious,No
1,201101197,23,01,2011,02,Serious,No
1,201101198,14,01,2011,17,Serious,Yes
1,201101233,02,02,2011,10,Serious,Yes
1,201101403,10,02,2011,15,Serious,Yes
1,201101416,29,01,2011,11,Serious,No
1,201101418,11,02,2011,05,Serious,No
1,201101424,21,01,2011,10,Serious,Yes
1,201101425,24,02,2011,22,Serious,Yes
1,201101426,26,02,2011,21,Serious,Yes
1,201101428,08,02,2011,16,Serious,Yes
1,201101434,26,02,2011,07,Serious,No
1,201101447,25,02,2011,17,Serious,Yes
1,201101463,17,01,2011,18,Serious,No
1,201101477,13,02,2011,16,Serious,Yes
1,201101478,05,03,2011,11,Serious,No
1,201101482,08,03,2011,06,Serious,No
1,201101491,11,03,2011,18,Serious,Yes
1,201101499,12,03,2011,20,Serious,No
1,201101503,21,02,2011,22,Serious,No
1,201101509,09,03,2011,15,Serious,No
1,201101512,12,03,2011,18,Serious,Yes
1,201101515,13,03,2011,16,Serious,No
1,201101516,16,03,2011,14,Serious,Yes
1,201101519,16,02,2011,10,Serious,No
1,201101528,09,03,2011,15,Serious,No
1,201101540,26,03,2011,12,Serious,No
1,201101547,18,03,2011,10,Serious,No
1,201101548,17,03,2011,07,Serious,No
1,201101550,13,03,2011,04,Serious,Yes
1,201101551,19,03,2011,23,Serious,No
1,201101553,17,03,2011,01,Serious,Yes
1,201101555,12,03,2011,23,Serious,No
1,201101558,13,02,2011,00,Serious,No
1,201101560,08,03,2011,19,Serious,No
1,201101561,16,03,2011,12,Serious,Yes
1,201101575,14,02,2011,10,Serious,Yes
1,201101576,28,03,2011,06,Serious,No
1,201101593,01,04,2011,16,Serious,Yes
1,201101594,12,03,2011,22,Serious,Yes
1,201101609,26,01,2011,14,Serious,No
1,201102042,01,04,2011,06,Serious,No
1,201102054,14,04,2011,08,Serious,No
1,201102067,10,04,2011,02,Serious,No
1,201102070,06,04,2011,14,Serious,No
1,201102076,10,04,2011,03,Serious,No
1,201102085,10,04,2011,03,Serious,No
1,201102087,13,02,2011,05,Serious,Yes
1,201102348,11,04,2011,10,Serious,Yes
1,201102349,23,04,2011,16,Serious,No
1,201102353,28,04,2011,17,Serious,Yes
1,201102354,12,04,2011,19,Serious,No
1,201102355,08,04,2011,14,Serious,Yes
1,201102356,26,04,2011,18,Serious,Yes
1,201102380,04,01,2011,02,Serious,No
1,201102395,11,01,2011,12,Serious,No
1,201102586,08,05,2011,16,Serious,No
1,201102592,03,05,2011,15,Serious,No
1,201102790,24,05,2011,16,Serious,No
1,201102794,12,05,2011,15,Serious,Yes
1,201102815,21,05,2011,21,Serious,No
1,201102816,19,05,2011,16,Serious,No
1,201102821,25,05,2011,15,Serious,No
1,201102957,19,05,2011,10,Serious,No
1,201102965,13,05,2011,15,Serious,Yes
1,201102972,25,05,2011,08,Serious,No
1,201102977,24,06,2011,06,Serious,Yes
1,201102981,03,03,2011,10,Serious,Yes
1,201102993,27,05,2011,12,Serious,No
1,201102995,17,06,2011,05,Serious,No
1,201103224,04,06,2011,18,Serious,No
1,201103233,29,06,2011,07,Serious,No
1,201103236,25,06,2011,16,Serious,Yes
1,201103237,26,06,2011,15,Serious,No
1,201103270,27,06,2011,08,Serious,Yes
1,201103274,11,04,2011,09,Serious,Yes
1,201103277,08,07,2011,10,Serious,Yes
1,201103278,08,07,2011,01,Serious,No
1,201103279,08,07,2011,16,Serious,No
1,201103474,07,05,2011,00,Serious,No
1,201103614,13,07,2011,19,Serious,Yes
1,201103616,14,08,2011,20,Serious,Yes
1,201103638,16,08,2011,15,Serious,No
1,201103643,08,08,2011,08,Serious,Yes
1,201103644,07,08,2011,04,Serious,No
1,201103647,29,07,2011,16,Serious,No
1,201103651,16,07,2011,08,Serious,Yes
1,201103664,07,08,2011,13,Serious,No
1,201103668,05,08,2011,14,Serious,Yes
1,201103669,13,08,2011,07,Serious,Yes
1,201103676,24,07,2011,03,Serious,No
1,201103679,23,08,2011,07,Serious,Yes
1,201103682,19,08,2011,16,Serious,Yes
1,201103690,07,07,2011,07,Serious,Yes
1,201103702,16,07,2011,15,Serious,Yes
1,201103703,23,07,2011,18,Serious,No
1,201103704,29,07,2011,12,Serious,Yes
1,201103715,03,08,2011,20,Serious,No
1,201103730,20,08,2011,17,Serious,No
1,201103762,20,08,2011,00,Serious,Yes
1,201103764,01,09,2011,12,Serious,No
1,201103773,06,09,2011,14,Serious,No
1,201103781,06,09,2011,17,Serious,Yes
1,201103931,13,07,2011,16,Serious,No
1,201103939,15,07,2011,07,Serious,No
1,201103941,15,07,2011,07,Serious,No
1,201103945,23,07,2011,17,Serious,Yes
1,201103947,19,07,2011,06,Serious,No
1,201103959,16,07,2011,11,Serious,No
1,201103999,10,07,2011,14,Serious,Yes
1,201104041,22,07,2011,22,Serious,No
1,201104051,20,07,2011,14,Serious,Yes
1,201104052,20,07,2011,15,Serious,Yes
1,201104425,17,09,2011,22,Serious,No
1,201104434,13,09,2011,18,Serious,Yes
1,201104439,27,09,2011,17,Serious,Yes
1,201104440,25,09,2011,20,Serious,No
1,201104488,29,09,2011,14,Serious,Yes
1,201104494,03,10,2011,13,Serious,Yes
1,201104499,03,10,2011,15,Serious,Yes
1,201104500,04,10,2011,13,Serious,No
1,201104516,12,10,2011,12,Serious,No
1,201104522,09,10,2011,15,Serious,Yes
1,201104528,02,10,2011,12,Serious,No
1,201104532,04,10,2011,17,Serious,No
1,201104542,16,10,2011,21,Serious,Yes
1,201104552,30,09,2011,19,Serious,No
1,201104567,16,10,2011,04,Serious,Yes
1,201104578,10,10,2011,12,Serious,Yes
1,201104599,22,10,2011,19,Serious,Yes
1,201104605,31,10,2011,13,Serious,Yes
1,201104608,15,10,2011,19,Serious,Yes
1,201104610,05,09,2011,15,Serious,No
1,201104617,27,10,2011,13,Serious,Yes
1,201104618,21,10,2011,15,Serious,No
1,201104619,29,10,2011,14,Serious,No
1,201104620,29,10,2011,17,Serious,Yes
1,201104623,06,11,2011,14,Serious,Yes
1,201104624,06,11,2011,00,Serious,No
1,201104625,05,11,2011,00,Serious,No
1,201104626,03,11,2011,17,Serious,No
1,201104643,28,10,2011,20,Serious,No
1,201104675,18,11,2011,16,Serious,No
1,201104676,21,10,2011,11,Serious,Yes
1,201104695,20,11,2011,18,Serious,No
1,201104701,19,11,2011,10,Serious,Yes
1,201104706,30,10,2011,13,Serious,No
1,201104717,16,11,2011,10,Serious,Yes
1,201104745,03,12,2011,16,Serious,No
1,201104750,01,12,2011,19,Serious,No
1,201104751,03,12,2011,22,Serious,No
1,201104752,25,11,2011,08,Serious,No
1,201104753,29,11,2011,19,Serious,No
1,201104755,01,12,2011,15,Serious,No
1,201104756,01,12,2011,10,Serious,No
1,201104776,24,11,2011,08,Serious,No
1,201104786,17,12,2011,14,Serious,Yes
1,201104792,02,11,2011,13,Serious,Yes
1,201104793,10,12,2011,17,Serious,No
1,201104815,03,07,2011,16,Serious,No
1,201105633,22,12,2011,11,Serious,Yes
1,201105635,27,12,2011,08,Serious,No
1,201105679,22,12,2011,01,Serious,Yes
1,201105686,28,12,2011,14,Serious,Yes
1,201105697,24,12,2011,21,Serious,No
1,201105702,17,12,2011,01,Serious,No
1,201105725,16,12,2011,08,Serious,No
1,201105726,28,08,2011,23,Serious,Yes
1,201105745,13,08,2011,09,Serious,Yes
1,201200003,08,01,2012,12,Fatal,Yes
1,201200023,28,02,2012,17,Fatal,Yes
1,201200028,09,03,2012,20,Fatal,No
1,201200029,13,03,2012,12,Fatal,No
1,201200035,29,03,2012,19,Fatal,No
1,201200036,30,03,2012,02,Fatal,Yes
1,201200040,12,05,2012,07,Fatal,Yes
1,201200047,27,05,2012,15,Fatal,Yes
1,201200055,07,07,2012,06,Fatal,Yes
1,201200058,14,07,2012,17,Fatal,Yes
1,201200062,19,07,2012,19,Fatal,No
1,201200072,18,08,2012,18,Fatal,No
1,201200078,06,09,2012,12,Fatal,Yes
1,201200088,22,09,2012,21,Fatal,No
1,201200089,23,09,2012,No hours,Fatal,Yes
1,201200091,28,09,2012,15,Fatal,Yes
1,201200096,10,10,2012,11,Fatal,No
1,201200099,13,10,2012,23,Fatal,Yes
1,201200104,19,10,2012,20,Fatal,No
1,201200107,16,10,2012,11,Fatal,No
1,201200110,02,11,2012,15,Fatal,Yes
1,201200111,08,11,2012,04,Fatal,Yes
1,201200114,12,11,2012,17,Fatal,Yes
1,201200120,01,12,2012,05,Fatal,Yes
1,201200128,12,12,2012,16,Fatal,No
1,201200130,18,12,2012,13,Fatal,Yes
1,201200131,18,12,2012,13,Fatal,Yes
1,201201028,06,01,2012,03,Serious,No
1,201201036,16,01,2012,13,Serious,No
1,201201045,20,01,2012,10,Serious,No
1,201201047,17,01,2012,15,Serious,Yes
1,201201056,22,01,2012,15,Serious,No
1,201201059,30,01,2012,07,Serious,No
1,201201063,26,01,2012,17,Serious,Yes
1,201201076,28,01,2012,23,Serious,Yes
1,201201091,21,01,2012,04,Serious,No
1,201201095,06,02,2012,11,Serious,No
1,201201105,12,02,2012,15,Serious,No
1,201201108,07,02,2012,16,Serious,Yes
1,201201132,18,02,2012,21,Serious,No
1,201201133,15,02,2012,04,Serious,Yes
1,201201155,21,02,2012,11,Serious,No
1,201201159,18,02,2012,21,Serious,Yes
1,201201165,06,02,2012,19,Serious,No
1,201201166,09,02,2012,08,Serious,No
1,201201194,06,03,2012,01,Serious,Yes
1,201201224,29,02,2012,11,Serious,No
1,201201225,28,02,2012,07,Serious,No
1,201201262,17,03,2012,11,Serious,No
1,201201263,06,03,2012,11,Serious,Yes
1,201201264,09,03,2012,19,Serious,No
1,201201272,18,03,2012,14,Serious,No
1,201201276,07,03,2012,22,Serious,Yes
1,201201281,31,01,2012,22,Serious,Yes
1,201201293,03,02,2012,16,Serious,Yes
1,201201295,22,03,2012,17,Serious,Yes
1,201201306,23,02,2012,14,Serious,No
1,201201316,09,03,2012,15,Serious,Yes
1,201201320,17,03,2012,No hours,Serious,No
1,201201323,11,03,2012,16,Serious,No
1,201201334,02,03,2012,No hours,Serious,No
1,201201335,29,03,2012,15,Serious,No
1,201201337,06,04,2012,16,Serious,Yes
1,201201340,26,03,2012,13,Serious,Yes
1,201201370,30,03,2012,07,Serious,Yes
1,201201373,08,04,2012,08,Serious,No
1,201201374,08,04,2012,02,Serious,No
1,201201908,09,04,2012,No hours,Serious,No
1,201201909,10,04,2012,14,Serious,Yes
1,201201911,10,04,2012,08,Serious,No
1,201201916,12,04,2012,10,Serious,Yes
1,201201926,11,04,2012,11,Serious,No
1,201201939,29,03,2012,21,Serious,No
1,201201952,20,04,2012,14,Serious,No
1,201201954,19,04,2012,18,Serious,Yes
1,201201955,29,03,2012,23,Serious,No
1,201201969,05,05,2012,14,Serious,Yes
1,201201981,13,04,2012,10,Serious,Yes
1,201201986,06,05,2012,09,Serious,Yes
1,201201994,19,04,2012,18,Serious,No
1,201202212,17,04,2012,06,Serious,No
1,201202228,14,04,2012,18,Serious,No
1,201202241,12,05,2012,17,Serious,No
1,201202244,10,04,2012,06,Serious,Yes
1,201202246,26,04,2012,00,Serious,No
1,201202248,19,05,2012,02,Serious,Yes
1,201202249,19,05,2012,11,Serious,No
1,201202260,07,05,2012,No hours,Serious,Yes
1,201202261,11,05,2012,04,Serious,Yes
1,201202263,24,05,2012,08,Serious,No
1,201202267,21,05,2012,15,Serious,No
1,201202273,22,05,2012,16,Serious,No
1,201202290,17,05,2012,17,Serious,No
1,201202705,09,05,2012,14,Serious,No
1,201202713,29,05,2012,16,Serious,No
1,201202714,29,05,2012,15,Serious,No
1,201202715,03,06,2012,23,Serious,Yes
1,201202716,27,05,2012,20,Serious,Yes
1,201202719,25,05,2012,15,Serious,No
1,201202720,26,05,2012,14,Serious,Yes
1,201202721,01,06,2012,08,Serious,Yes
1,201202744,01,06,2012,23,Serious,Yes
1,201202746,09,06,2012,14,Serious,Yes
1,201202748,09,06,2012,17,Serious,Yes
1,201202767,21,06,2012,06,Serious,No
1,201202773,17,06,2012,15,Serious,No
1,201202775,11,06,2012,15,Serious,Yes
1,201202798,20,06,2012,13,Serious,No
1,201203306,24,06,2012,21,Serious,No
1,201203308,30,05,2012,05,Serious,Yes
1,201203321,23,06,2012,17,Serious,Yes
1,201203322,22,06,2012,08,Serious,No
1,201203327,19,06,2012,14,Serious,No
1,201203416,17,06,2012,21,Serious,Yes
1,201203427,15,07,2012,18,Serious,Yes
1,201203429,08,06,2012,08,Serious,Yes
1,201203431,25,06,2012,04,Serious,No
1,201203434,30,06,2012,10,Serious,No
1,201203443,24,07,2012,10,Serious,Yes
1,201203461,25,07,2012,13,Serious,Yes
1,201203462,01,06,2012,16,Serious,Yes
1,201203463,08,07,2012,04,Serious,Yes
1,201203473,20,07,2012,10,Serious,Yes
1,201203474,14,07,2012,05,Serious,No
1,201203475,23,07,2012,16,Serious,Yes
1,201203586,23,04,2012,14,Serious,Yes
1,201203700,01,07,2012,08,Serious,Yes
1,201203723,10,06,2012,08,Serious,No
1,201203728,26,07,2012,17,Serious,No
1,201203759,08,08,2012,10,Serious,Yes
1,201203760,07,08,2012,07,Serious,No
1,201203766,01,08,2012,16,Serious,Yes
1,201203767,26,07,2012,08,Serious,Yes
1,201203782,18,08,2012,12,Serious,Yes
1,201203783,19,08,2012,10,Serious,Yes
1,201203785,02,08,2012,16,Serious,Yes
1,201203919,20,08,2012,13,Serious,No
1,201203935,17,08,2012,07,Serious,No
1,201203937,05,09,2012,09,Serious,Yes
1,201203946,22,08,2012,11,Serious,Yes
1,201203977,11,07,2012,07,Serious,No
1,201203985,13,09,2012,07,Serious,Yes
1,201203986,07,09,2012,15,Serious,No
1,201203987,28,08,2012,08,Serious,Yes
1,201203990,10,08,2012,08,Serious,No
1,201204304,22,09,2012,14,Serious,No
1,201204314,15,09,2012,20,Serious,Yes
1,201204324,30,03,2012,16,Serious,Yes
1,201204329,23,09,2012,03,Serious,No
1,201204348,01,10,2012,12,Serious,No
1,201204352,21,09,2012,14,Serious,No
1,201204359,09,10,2012,09,Serious,No
1,201204361,03,09,2012,14,Serious,No
1,201204403,08,10,2012,12,Serious,No
1,201204416,26,06,2012,22,Serious,No
1,201204420,03,10,2012,22,Serious,Yes
1,201204427,04,10,2012,17,Serious,No
1,201204446,02,07,2012,03,Serious,No
1,201204457,24,10,2012,17,Serious,Yes
1,201204458,25,10,2012,10,Serious,No
1,201204462,04,11,2012,20,Serious,Yes
1,201204495,04,11,2012,06,Serious,No
1,201204496,02,11,2012,16,Serious,Yes
1,201204497,04,11,2012,23,Serious,Yes
1,201204823,07,11,2012,12,Serious,No
1,201204827,11,11,2012,15,Serious,Yes
1,201204834,15,11,2012,07,Serious,Yes
1,201204850,11,11,2012,16,Serious,Yes
1,201204852,22,11,2012,01,Serious,Yes
1,201204875,25,11,2012,10,Serious,No
1,201204892,19,11,2012,03,Serious,Yes
1,201204894,19,11,2012,09,Serious,Yes
1,201204896,25,11,2012,18,Serious,Yes
1,201205204,26,11,2012,17,Serious,Yes
1,201205205,25,11,2012,16,Serious,No
1,201205206,27,11,2012,11,Serious,Yes
1,201205207,25,11,2012,16,Serious,Yes
1,201205216,10,11,2012,13,Serious,No
1,201205247,04,12,2012,07,Serious,Yes
1,201205251,23,11,2012,17,Serious,No
1,201205253,27,11,2012,16,Serious,No
1,201205272,07,12,2012,07,Serious,No
1,201205273,31,12,2012,23,Serious,No
1,201205275,28,11,2012,15,Serious,Yes
1,201205404,21,11,2012,12,Serious,No
1,201205405,22,12,2012,07,Serious,No
1,201205411,19,12,2012,17,Serious,Yes
1,201205412,29,12,2012,14,Serious,No
1,201205416,30,11,2012,08,Serious,No
1,201205480,14,12,2012,06,Serious,Yes
1,201205485,24,12,2012,02,Serious,No
1,201205491,09,12,2012,14,Serious,Yes
1,201205715,17,12,2012,17,Serious,Yes
1,201205725,25,12,2012,16,Serious,Yes
1,201205782,30,11,2012,17,Serious,Yes
1,201205943,16,12,2012,20,Serious,No
1,201206058,24,12,2012,18,Serious,No
1,2800002,02,01,2008,15,Fatal,Yes
1,2800003,03,01,2008,04,Fatal,No
1,2800006,08,01,2008,23,Fatal,No
1,2800012,25,01,2008,01,Fatal,No
1,2800016,28,01,2008,16,Fatal,Yes
1,2800017,30,01,2008,10,Fatal,Yes
1,2800021,02,02,2008,08,Fatal,No
1,2800027,16,02,2008,02,Fatal,Yes
1,2800030,20,02,2008,17,Fatal,Yes
1,2800031,21,02,2008,17,Fatal,No
1,2800036,29,02,2008,05,Fatal,Yes
1,2800038,07,03,2008,02,Fatal,Yes
1,2800039,08,03,2008,18,Fatal,Yes
1,2800054,17,04,2008,14,Fatal,No
1,2800057,20,04,2008,02,Fatal,Yes
1,2800062,27,04,2008,21,Fatal,Yes
1,2800067,04,05,2008,00,Fatal,Yes
1,2800071,10,05,2008,17,Fatal,Yes
1,2800072,11,05,2008,16,Fatal,No
1,2800074,19,05,2008,08,Fatal,Yes
1,2800080,01,06,2008,19,Fatal,Yes
1,2800082,04,06,2008,08,Fatal,No
1,2800086,12,06,2008,18,Fatal,No
1,2800087,15,06,2008,11,Fatal,Yes
1,2800088,15,06,2008,21,Fatal,Yes
1,2800095,27,06,2008,23,Fatal,Yes
1,2800097,01,07,2008,13,Fatal,Yes
1,2800105,24,07,2008,00,Fatal,No
1,2800107,25,07,2008,12,Fatal,No
1,2800108,26,07,2008,21,Fatal,Yes
1,2800111,02,08,2008,20,Fatal,Yes
1,2800115,10,08,2008,15,Fatal,No
1,2800120,21,08,2008,No hours,Fatal,Yes
1,2800129,21,09,2008,12,Fatal,Yes
1,2800132,28,09,2008,06,Fatal,Yes
1,2800136,15,10,2008,10,Fatal,Yes
1,2800137,18,10,2008,13,Fatal,Yes
1,2800145,11,11,2008,07,Fatal,Yes
1,2800146,13,11,2008,04,Fatal,Yes
1,2800150,29,11,2008,16,Fatal,Yes
1,2800151,01,12,2008,13,Fatal,No
1,2800153,03,12,2008,20,Fatal,Yes
1,2800162,14,12,2008,12,Fatal,Yes
1,2800167,06,12,2008,15,Fatal,Yes
1,2800168,24,12,2008,10,Fatal,Yes
1,2800173,30,12,2008,16,Fatal,Yes
1,2800174,27,12,2008,03,Fatal,Yes
1,2801101,07,01,2008,15,Serious,Yes
1,2801103,05,01,2008,16,Serious,Yes
1,2801111,21,01,2008,15,Serious,Yes
1,2801191,07,01,2008,23,Serious,No
1,2801400,06,01,2008,17,Serious,No
1,2801406,22,01,2008,12,Serious,Yes
1,2801414,03,02,2008,19,Serious,Yes
1,2801451,23,01,2008,11,Serious,No
1,2801491,19,02,2008,18,Serious,No
1,2801492,20,02,2008,16,Serious,No
1,2801495,20,01,2008,00,Serious,Yes
1,2801496,12,02,2008,23,Serious,No
1,2801497,19,02,2008,16,Serious,No
1,2801499,29,01,2008,17,Serious,No
1,2801500,15,02,2008,21,Serious,No
1,2801504,25,02,2008,18,Serious,No
1,2801506,25,01,2008,16,Serious,No
1,2801507,04,02,2008,10,Serious,No
1,2801558,19,01,2008,No hours,Serious,No
1,2801561,22,02,2008,12,Serious,No
1,2801573,23,02,2008,08,Serious,No
1,2801599,15,02,2008,14,Serious,Yes
1,2801822,15,02,2008,12,Serious,No
1,2801920,15,02,2008,18,Serious,No
1,2801947,04,03,2008,11,Serious,No
1,2801948,13,03,2008,10,Serious,No
1,2801949,14,01,2008,18,Serious,Yes
1,2801970,17,03,2008,15,Serious,No
1,2801972,03,03,2008,18,Serious,No
1,2801976,02,03,2008,22,Serious,No
1,2801982,02,02,2008,18,Serious,No
1,2801997,17,03,2008,22,Serious,No
1,2801998,08,03,2008,10,Serious,Yes
1,2802307,24,03,2008,15,Serious,Yes
1,2802309,29,03,2008,00,Serious,No
1,2802311,05,04,2008,07,Serious,Yes
1,2802318,02,04,2008,15,Serious,Yes
1,2802321,10,02,2008,18,Serious,Yes
1,2802323,17,03,2008,08,Serious,No
1,2802364,22,03,2008,16,Serious,Yes
1,2802370,01,04,2008,12,Serious,No
1,2802372,06,04,2008,20,Serious,No
1,2802377,05,04,2008,12,Serious,No
1,2802391,03,04,2008,07,Serious,No
1,2802538,15,04,2008,08,Serious,No
1,2802563,13,04,2008,13,Serious,No
1,2802564,01,05,2008,15,Serious,No
1,2802592,05,02,2008,08,Serious,No
1,2802596,19,04,2008,13,Serious,No
1,2802598,20,04,2008,16,Serious,Yes
1,2802800,12,05,2008,07,Serious,Yes
1,2802801,13,05,2008,18,Serious,Yes
1,2802831,14,04,2008,17,Serious,Yes
1,2802834,17,01,2008,16,Serious,Yes
1,2802836,25,04,2008,08,Serious,No
1,2802838,14,05,2008,16,Serious,No
1,2802846,23,04,2008,11,Serious,No
1,2802850,30,04,2008,No hours,Serious,No
1,2802887,08,05,2008,10,Serious,No
1,2802888,21,05,2008,16,Serious,Yes
1,2802891,03,02,2008,04,Serious,Yes
1,2802974,26,05,2008,09,Serious,No
1,2803300,22,05,2008,23,Serious,No
1,2803325,25,05,2008,11,Serious,No
1,2803327,03,06,2008,17,Serious,Yes
1,2803328,16,04,2008,08,Serious,No
1,2803329,27,05,2008,17,Serious,Yes
1,2803332,05,05,2008,04,Serious,Yes
1,2803342,29,03,2008,13,Serious,Yes
1,2803347,15,06,2008,No hours,Serious,No
1,2803365,18,06,2008,07,Serious,No
1,2803374,05,06,2008,14,Serious,No
1,2803376,18,05,2008,17,Serious,Yes
1,2803387,19,02,2008,19,Serious,Yes
1,2803389,04,06,2008,21,Serious,No
1,2803516,26,04,2008,20,Serious,Yes
1,2803517,02,06,2008,10,Serious,No
1,2803528,20,06,2008,05,Serious,No
1,2803529,15,02,2008,14,Serious,Yes
1,2803572,18,04,2008,07,Serious,No
1,2803573,29,05,2008,01,Serious,Yes
1,2803574,14,06,2008,21,Serious,Yes
1,2803582,25,02,2008,00,Serious,Yes
1,2803583,14,06,2008,12,Serious,Yes
1,2803618,23,05,2008,15,Serious,Yes
1,2803803,04,07,2008,15,Serious,No
1,2803807,25,05,2008,15,Serious,No
1,2803820,20,06,2008,No hours,Serious,Yes
1,2803822,13,06,2008,09,Serious,Yes
1,2803826,06,07,2008,09,Serious,Yes
1,2803829,24,06,2008,No hours,Serious,Yes
1,2803833,04,06,2008,07,Serious,Yes
1,2803837,02,07,2008,18,Serious,No
1,2803841,21,06,2008,00,Serious,No
1,2803851,02,05,2008,15,Serious,Yes
1,2803894,19,07,2008,No hours,Serious,No
1,2804086,16,02,2008,11,Serious,No
1,2804100,19,07,2008,No hours,Serious,No
1,2804123,23,07,2008,17,Serious,No
1,2804125,13,04,2008,05,Serious,No
1,2804126,02,08,2008,08,Serious,Yes
1,2804135,31,07,2008,22,Serious,No
1,2804136,08,08,2008,06,Serious,No
1,2804139,29,02,2008,14,Serious,No
1,2804178,13,08,2008,20,Serious,No
1,2804196,18,04,2008,11,Serious,Yes
1,2804197,08,08,2008,20,Serious,Yes
1,2804310,26,08,2008,13,Serious,Yes
1,2804331,05,08,2008,18,Serious,No
1,2804348,17,07,2008,21,Serious,Yes
1,2804349,13,09,2008,13,Serious,Yes
1,2804354,12,09,2008,15,Serious,Yes
1,2804355,30,08,2008,12,Serious,No
1,2804371,04,09,2008,21,Serious,No
1,2804397,19,08,2008,07,Serious,Yes
1,2804700,24,08,2008,11,Serious,No
1,2804715,20,09,2008,09,Serious,No
1,2804719,26,08,2008,08,Serious,No
1,2804735,27,09,2008,15,Serious,Yes
1,2804739,10,09,2008,07,Serious,No
1,2804759,26,10,2008,16,Serious,No
1,2804761,08,10,2008,08,Serious,Yes
1,2804763,01,11,2008,02,Serious,No
1,2804766,22,10,2008,11,Serious,Yes
1,2804771,07,09,2008,15,Serious,Yes
1,2804772,03,10,2008,11,Serious,No
1,2805102,20,09,2008,15,Serious,Yes
1,2805116,05,09,2008,16,Serious,Yes
1,2805118,21,09,2008,21,Serious,No
1,2805129,25,08,2008,16,Serious,No
1,2805152,01,10,2008,16,Serious,Yes
1,2805210,08,09,2008,15,Serious,No
1,2805215,18,07,2008,19,Serious,Yes
1,2805220,28,10,2008,14,Serious,No
1,2805225,23,07,2008,09,Serious,Yes
1,2805226,29,10,2008,13,Serious,Yes
1,2805229,09,11,2008,10,Serious,No
1,2805230,31,08,2008,04,Serious,No
1,2805232,05,10,2008,13,Serious,Yes
1,2805233,21,08,2008,17,Serious,No
1,2805234,03,10,2008,21,Serious,No
1,2805235,19,10,2008,09,Serious,No
1,2805240,15,12,2008,08,Serious,Yes
1,2805241,20,12,2008,14,Serious,No
1,2805244,22,12,2008,13,Serious,Yes
1,2805245,27,12,2008,16,Serious,Yes
1,2805246,30,12,2008,13,Serious,No
1,2805249,13,12,2008,09,Serious,No
1,2805266,12,12,2008,13,Serious,Yes
1,2805288,10,10,2008,10,Serious,Yes
1,2805331,07,10,2008,10,Serious,Yes
1,2805335,13,10,2008,07,Serious,No
1,2805497,09,11,2008,04,Serious,Yes
1,2805500,08,11,2008,18,Serious,Yes
1,2805605,16,11,2008,03,Serious,Yes
1,2805607,22,10,2008,05,Serious,No
1,2805609,25,11,2008,15,Serious,Yes
1,2805611,22,11,2008,14,Serious,Yes
1,2805613,19,11,2008,06,Serious,Yes
1,2805726,07,11,2008,13,Serious,Yes
1,2805733,24,10,2008,15,Serious,No
1,2805814,05,11,2008,17,Serious,No
1,2805818,10,10,2008,19,Serious,No
1,2805820,24,11,2008,06,Serious,Yes
1,2805822,13,11,2008,00,Serious,No
1,2805865,08,06,2008,14,Serious,Yes
1,2805944,09,11,2008,11,Serious,No
1,2806006,04,12,2008,05,Serious,Yes
1,2806014,20,12,2008,13,Serious,No
1,2806019,28,12,2008,14,Serious,No
1,2806021,18,12,2008,20,Serious,No
1,2806023,12,12,2008,21,Serious,No
1,2806068,31,12,2008,20,Serious,No
1,2806069,21,12,2008,05,Serious,Yes
1,2806082,26,12,2008,17,Serious,No
1,2806094,24,12,2008,22,Serious,No
1,2806209,29,11,2008,18,Serious,Yes
1,2806285,29,12,2008,11,Serious,Yes
1,2806287,18,12,2008,17,Serious,No
1,2806324,10,12,2008,15,Serious,Yes
1,2806378,23,03,2008,16,Serious,No
1,2806392,02,11,2008,08,Serious,Yes
1,2806397,14,08,2008,14,Serious,No
1,2806415,15,12,2008,12,Serious,No
1,2806423,11,12,2008,14,Serious,No
1,2806453,30,11,2008,19,Serious,No
1,2806494,19,07,2008,11,Serious,No
1,2806507,11,10,2008,14,Serious,No
1,2806516,24,10,2008,13,Serious,Yes
1,2806540,16,09,2008,16,Serious,Yes
1,2806580,19,11,2008,00,Serious,Yes
1,2806588,23,11,2008,13,Serious,Yes
1,2806607,22,10,2008,11,Serious,No
1,2806620,19,10,2008,00,Serious,No
1,2900001,02,01,2009,20,Fatal,Yes
1,2900003,02,01,2009,19,Fatal,No
1,2900011,20,01,2009,10,Fatal,Yes
1,2900022,08,02,2009,11,Fatal,No
1,2900027,20,02,2009,14,Fatal,Yes
1,2900028,21,02,2009,12,Fatal,Yes
1,2900029,22,02,2009,20,Fatal,Yes
1,2900033,04,03,2009,17,Fatal,No
1,2900037,12,03,2009,17,Fatal,Yes
1,2900038,13,03,2009,01,Fatal,No
1,2900039,15,03,2009,12,Fatal,Yes
1,2900042,20,03,2009,14,Fatal,Yes
1,2900048,03,04,2009,13,Fatal,Yes
1,2900050,04,04,2009,22,Fatal,Yes
1,2900060,20,04,2009,17,Fatal,Yes
1,2900063,24,04,2009,16,Fatal,Yes
1,2900071,27,04,2009,11,Fatal,Yes
1,2900073,15,04,2009,21,Fatal,No
1,2900077,03,05,2009,20,Fatal,Yes
1,2900078,03,05,2009,22,Fatal,Yes
1,2900081,10,05,2009,15,Fatal,Yes
1,2900084,16,05,2009,19,Fatal,Yes
1,2900089,23,05,2009,22,Fatal,No
1,2900090,29,05,2009,09,Fatal,Yes
1,2900095,09,06,2009,21,Fatal,No
1,2900106,25,06,2009,05,Fatal,Yes
1,2900107,25,06,2009,08,Fatal,Yes
1,2900115,18,07,2009,20,Fatal,Yes
1,2900122,01,08,2009,03,Fatal,No
1,2900123,03,08,2009,08,Fatal,Yes
1,2900127,14,08,2009,18,Fatal,No
1,2900129,15,08,2009,23,Fatal,No
1,2900135,03,09,2009,01,Fatal,Yes
1,2900139,10,09,2009,19,Fatal,No
1,2900141,17,09,2009,01,Fatal,Yes
1,2900145,27,09,2009,00,Fatal,Yes
1,2900153,22,10,2009,20,Fatal,Yes
1,2900154,24,10,2009,14,Fatal,Yes
1,2900157,03,11,2009,07,Fatal,Yes
1,2900165,21,11,2009,23,Fatal,No
1,2900166,28,11,2009,17,Fatal,Yes
1,2900177,21,12,2009,00,Fatal,Yes
1,2900182,31,12,2009,18,Fatal,Yes
1,2900183,31,12,2009,18,Fatal,Yes
1,2900184,24,10,2009,01,Fatal,Yes
1,2901211,12,01,2009,10,Serious,Yes
1,2901215,03,01,2009,17,Serious,No
1,2901216,13,01,2009,23,Serious,No
1,2901218,18,01,2009,16,Serious,No
1,2901219,09,01,2009,19,Serious,No
1,2901220,18,01,2009,12,Serious,Yes
1,2901225,20,01,2009,11,Serious,Yes
1,2901226,07,01,2009,18,Serious,Yes
1,2901232,08,01,2009,19,Serious,No
1,2901236,10,01,2009,15,Serious,Yes
1,2901238,02,01,2009,14,Serious,No
1,2901272,02,01,2009,09,Serious,Yes
1,2901275,17,01,2009,07,Serious,No
1,2901308,28,01,2009,19,Serious,No
1,2901309,16,01,2009,17,Serious,Yes
1,2901310,19,01,2009,17,Serious,No
1,2901316,30,01,2009,09,Serious,No
1,2901323,28,01,2009,14,Serious,No
1,2901326,08,01,2009,01,Serious,Yes
1,2901331,01,02,2009,16,Serious,No
1,2901347,18,01,2009,19,Serious,Yes
1,2901348,30,01,2009,17,Serious,No
1,2901352,13,02,2009,16,Serious,Yes
1,2901374,25,02,2009,02,Serious,No
1,2901375,16,02,2009,12,Serious,No
1,2901377,12,02,2009,17,Serious,Yes
1,2901384,08,02,2009,02,Serious,No
1,2901387,22,02,2009,12,Serious,No
1,2901388,14,02,2009,15,Serious,Yes
1,2901389,20,02,2009,08,Serious,Yes
1,2901395,10,02,2009,08,Serious,No
1,2901700,03,01,2009,14,Serious,Yes
1,2901702,09,02,2009,No hours,Serious,Yes
1,2901705,16,02,2009,15,Serious,No
1,2901740,02,03,2009,16,Serious,No
1,2901741,21,02,2009,09,Serious,No
1,2901747,03,02,2009,17,Serious,Yes
1,2902006,22,02,2009,21,Serious,Yes
1,2902007,10,03,2009,07,Serious,No
1,2902011,06,03,2009,20,Serious,Yes
1,2902029,25,01,2009,16,Serious,Yes
1,2902030,15,03,2009,08,Serious,Yes
1,2902034,28,02,2009,17,Serious,No
1,2902056,04,04,2009,07,Serious,Yes
1,2902061,07,03,2009,08,Serious,No
1,2902064,23,03,2009,20,Serious,No
1,2902067,30,01,2009,16,Serious,No
1,2902068,21,02,2009,12,Serious,Yes
1,2902079,15,03,2009,14,Serious,No
1,2902082,28,02,2009,01,Serious,Yes
1,2902304,11,04,2009,13,Serious,No
1,2902315,10,04,2009,05,Serious,Yes
1,2902317,12,03,2009,19,Serious,Yes
1,2902320,25,03,2009,No hours,Serious,No
1,2902323,30,03,2009,10,Serious,No
1,2902327,01,03,2009,12,Serious,No
1,2902359,02,04,2009,23,Serious,Yes
1,2902361,16,04,2009,09,Serious,No
1,2902366,18,02,2009,17,Serious,Yes
1,2902372,27,03,2009,12,Serious,No
1,2902375,09,04,2009,16,Serious,Yes
1,2902376,14,04,2009,16,Serious,No
1,2902384,02,04,2009,16,Serious,No
1,2902386,15,04,2009,15,Serious,Yes
1,2902676,08,05,2009,03,Serious,Yes
1,2902717,16,04,2009,04,Serious,Yes
1,2902719,24,03,2009,14,Serious,Yes
1,2902720,01,05,2009,16,Serious,Yes
1,2902722,02,05,2009,19,Serious,No
1,2902725,13,05,2009,No hours,Serious,Yes
1,2902726,09,05,2009,03,Serious,No
1,2902728,02,04,2009,09,Serious,No
1,2902730,04,05,2009,15,Serious,No
1,2902734,05,04,2009,02,Serious,No
1,2902735,19,04,2009,12,Serious,No
1,2902736,24,04,2009,06,Serious,Yes
1,2902744,29,04,2009,16,Serious,No
1,2902777,11,05,2009,08,Serious,Yes
1,2902779,14,05,2009,19,Serious,Yes
1,2902781,14,05,2009,08,Serious,No
1,2902866,12,04,2009,13,Serious,Yes
1,2903372,11,04,2009,12,Serious,No
1,2903410,20,06,2009,11,Serious,Yes
1,2903411,20,06,2009,09,Serious,No
1,2903412,20,06,2009,00,Serious,Yes
1,2903419,08,04,2009,15,Serious,Yes
1,2903420,23,04,2009,16,Serious,No
1,2903421,25,06,2009,15,Serious,No
1,2903423,13,04,2009,22,Serious,No
1,2903428,11,07,2009,02,Serious,No
1,2903435,25,06,2009,08,Serious,No
1,2903436,05,07,2009,15,Serious,No
1,2903440,17,06,2009,No hours,Serious,No
1,2903441,24,06,2009,14,Serious,No
1,2903447,26,07,2009,12,Serious,No
1,2903448,25,06,2009,09,Serious,Yes
1,2903536,06,05,2009,16,Serious,No
1,2903537,08,05,2009,09,Serious,Yes
1,2903546,03,06,2009,08,Serious,No
1,2903548,28,05,2009,15,Serious,Yes
1,2903551,07,06,2009,14,Serious,No
1,2903553,05,06,2009,18,Serious,No
1,2903646,16,06,2009,15,Serious,Yes
1,2903713,19,05,2009,06,Serious,Yes
1,2903726,19,05,2009,16,Serious,Yes
1,2903728,16,03,2009,07,Serious,Yes
1,2903736,18,06,2009,15,Serious,No
1,2903739,04,03,2009,06,Serious,No
1,2903753,23,05,2009,07,Serious,Yes
1,2903755,23,02,2009,12,Serious,No
1,2903756,25,05,2009,18,Serious,Yes
1,2903758,19,05,2009,07,Serious,No
1,2904060,01,07,2009,18,Serious,Yes
1,2904064,26,07,2009,15,Serious,No
1,2904083,05,08,2009,19,Serious,No
1,2904084,25,07,2009,01,Serious,Yes
1,2904086,04,08,2009,22,Serious,No
1,2904088,17,07,2009,02,Serious,Yes
1,2904200,04,08,2009,15,Serious,No
1,2904201,11,07,2009,13,Serious,Yes
1,2904204,25,07,2009,03,Serious,Yes
1,2904236,17,08,2009,No hours,Serious,Yes
1,2904245,17,07,2009,16,Serious,Yes
1,2904256,23,08,2009,04,Serious,No
1,2904261,14,07,2009,17,Serious,No
1,2904262,20,08,2009,21,Serious,No
1,2904264,30,08,2009,12,Serious,Yes
1,2904268,04,08,2009,17,Serious,No
1,2904504,13,08,2009,00,Serious,No
1,2904510,02,09,2009,14,Serious,Yes
1,2904513,07,09,2009,15,Serious,No
1,2904514,08,09,2009,20,Serious,No
1,2904520,06,09,2009,11,Serious,Yes
1,2904534,23,09,2009,16,Serious,Yes
1,2904561,28,09,2009,10,Serious,Yes
1,2904564,21,08,2009,19,Serious,No
1,2904567,26,09,2009,12,Serious,No
1,2904581,18,09,2009,05,Serious,No
1,2904590,11,09,2009,07,Serious,No
1,2904612,20,05,2009,20,Serious,Yes
1,2904622,01,06,2009,08,Serious,Yes
1,2904625,03,06,2009,20,Serious,No
1,2904632,04,06,2009,17,Serious,Yes
1,2904818,02,06,2009,04,Serious,Yes
1,2904827,23,09,2009,13,Serious,Yes
1,2904930,07,03,2009,14,Serious,No
1,2905006,31,08,2009,11,Serious,No
1,2905026,07,10,2009,10,Serious,Yes
1,2905027,08,10,2009,13,Serious,Yes
1,2905029,08,10,2009,05,Serious,No
1,2905034,07,10,2009,07,Serious,Yes
1,2905037,05,10,2009,04,Serious,Yes
1,2905059,17,11,2009,01,Serious,Yes
1,2905065,08,11,2009,12,Serious,No
1,2905066,18,10,2009,15,Serious,Yes
1,2905068,11,11,2009,18,Serious,Yes
1,2905092,13,10,2009,13,Serious,No
1,2905449,01,11,2009,13,Serious,Yes
1,2905452,12,10,2009,11,Serious,Yes
1,2905528,28,10,2009,06,Serious,No
1,2905530,26,10,2009,13,Serious,Yes
1,2905532,07,11,2009,12,Serious,Yes
1,2905537,21,11,2009,14,Serious,Yes
1,2905559,29,11,2009,06,Serious,Yes
1,2905591,05,12,2009,03,Serious,No
1,2905601,19,10,2009,00,Serious,No
1,2905603,03,10,2009,09,Serious,No
1,2905605,20,09,2009,11,Serious,Yes
1,2905606,15,10,2009,20,Serious,No
1,2905622,11,10,2009,02,Serious,No
1,2905624,29,10,2009,08,Serious,No
1,2905628,24,10,2009,17,Serious,Yes
1,2905629,25,10,2009,20,Serious,Yes
1,2905633,12,11,2009,07,Serious,No
1,2905634,18,11,2009,09,Serious,No
1,2905672,03,12,2009,15,Serious,Yes
1,2905677,21,12,2009,11,Serious,No
1,2905684,30,11,2009,21,Serious,No
1,2905685,23,12,2009,09,Serious,No
1,2905686,20,12,2009,23,Serious,Yes
1,2905690,19,11,2009,09,Serious,Yes
1,2905708,28,12,2009,14,Serious,Yes
1,2905723,10,12,2009,11,Serious,No
1,2905815,15,12,2009,21,Serious,Yes
1,2905841,21,11,2009,11,Serious,No
1,2905856,13,11,2009,22,Serious,No
1,2905857,06,12,2009,18,Serious,Yes
1,2905868,29,11,2009,01,Serious,No
1,2905869,04,11,2009,11,Serious,Yes
1,2905928,24,10,2009,02,Serious,No
1,2906199,31,12,2009,11,Serious,No
1,2906202,31,12,2009,13,Serious,Yes
1,2906280,07,11,2009,20,Serious,No
1,2906284,24,12,2009,17,Serious,Yes
1,2906295,03,12,2009,No hours,Serious,No
1,2906331,07,11,2009,12,Serious,Yes
1,2906380,15,12,2009,10,Serious,No
1,2906451,11,12,2009,05,Serious,Yes
1,2906468,11,06,2009,15,Serious,No
1,2912539,02,06,2009,09,Serious,Yes
1,2912944,10,08,2009,00,Serious,Yes
