"meshblockID"
1253903
1225801
1257300
1224800
1230717
1254300
1301600
1225200
1330002
1218100
1230711
1295600
1219300
1256700
1230712
1224000
1256800
1226201
1219401
1280802
1028802
1185800
1281602
1186100
1193402
1192400
1222600
1222402
1335800
1220800
1319400
1220002
1220300
1319500
1219700
1220001
1280102
1280101
1183808
1183804
1183805
1182701
1320000
1318300
1221900
1338500
1318600
1317700
1221802
1319901
1264305
1264900
1304200
1248300
1336900
1265900
1304301
1248400
1248200
1304100
1326112
1252000
1295200
1299103
1134000
1266300
1248700
1266703
1181903
1207101
1337305
1208500
1251900
1133502
1125800
1336203
1337203
1337207
1266403
1251601
1266907
1266906
1267010
1181906
1181600
1181801
1273100
1279409
1279403
1270501
1267500
1270200
1279008
1279113
1274100
1273700
1267704
1270000
1273000
1267701
1180901
1181401
1279404
1273200
1193209
1193207
1209300
1124002
1193208
1324300
1301200
1250600
1131000
1131500
1131101
1265400
1341000
1296701
1128003
1128800
1129300
1323401
1335300
1299000
1129100
1298500
1251300
1251700
1129401
1129000
1279035
1298602
1279029
1271400
1279108
1274600
1275115
1275200
1275301
1191302
1193204
1192108
1192111
1180007
1193201
1207003
1189900
1192206
1177202
1180006
1179502
1179602
1192203
1192202
1252501
1323100
1296801
1298404
1321000
1309200
1301800
1298100
1127702
1278318
1278317
1278308
1275302
1278406
1278321
1278319
1333002
1278204
1026200
1280603
1279801
1276902
1277102
1278104
1261603
1277202
1333001
1332800
1332901
1294002
1180203
1206303
1176400
1206919
1179903
1180004
1127902
1320502
1308702
1309400
1312200
1412500
1297702
1349400
1305802
1305903
1309603
1305909
1305801
1309701
1307300
1313610
1276402
1312500
1328100
1328800
1328000
1280601
1328400
1327900
1328300
1328900
1180407
1206917
1204825
1180406
1206915
1175202
1171800
1179301
1206403
1173800
1334000
1206911
1173102
1206909
1204812
1206305
1173200
1297901
1304900
1304700
1306300
1309501
1305000
1331201
1276300
1260201
1260600
1331000
1262902
1260500
1260302
1275800
1330602
1292200
1260401
1275900
1263400
1206832
1206833
1170200
1171400
1179002
1206830
1179001
1312304
1124100
1124800
1297600
1322400
1124200
1114602
1312306
1125002
1114700
1114902
1213801
1321801
1322101
1325700
1168800
1206821
1190901
1206816
1169302
1169800
1169400
1048605
1166600
1191001
1190706
1205081
1162701
1205047
1205035
1162501
1205091
1190801
1190808
1205087
1168100
1205069
1205052
1190707
1152800
1152100
1145402
1149900
1204510
1330400
1143100
1146900
1145000
1138200
1146800
1139500
1138300
1147400
1135704
1140100
1143200
1147500
1152502
1139600
1138700
1147600
1140400
1144900
1143000
1161200
1166000
1204930
1165400
1205041
1190304
1165500
1161108
1212300
1212101
1325300
1213600
1288804
1217001
1210500
1212800
1217003
1211000
1208300
1138905
1211100
1152202
1138908
1138904
1135800
1152201
1264201
1164100
1164300
1160000
1160200
1186705
1204922
1204907
1160800
1164200
1158401
1158101
1157200
1204934
1199800
1158403
1202300
1188103
1156500
1200500
1155700
1201601
1156400
1200402
1188603
1188804
1216901
1205102
1157302
1216502
1208202
1296200
1302500
1258901
1295900
1282300
1283200
1284200
1258704
1257800
1244600
1243000
1237900
1246000
1244700
1238600
1242000
1243700
1244500
1243500
1241900
1295700
1229401
1188502
1188602
1200100
1154400
1153004
1153505
1153900
1199500
1215801
1207300
1284500
1286400
1287400
1287800
1284400
1284701
1287500
1214800
1214205
1215500
1257600
1243100
1256100
1227500
1256204
1264501
1229000
1256000
1238400
1239100
1198000
1188200
1186202
1198300
1197500
1197400
1197900
1281415
1026701
1026110
1202800
1202901
1187209
1187401
1195400
1186703
1194600
1196200
1194800
1196400
1187403
1236000
1236100
1338702
1232500
1254403
1232400
1265305
1226600
1228002
1229100
1281004
1028700
1281002
1224701
1223302
1217700
1265100
1218300
1219500
1218600
1218500
1231600
1217300
1187001
1028801
1194200
1187002
1186902
1218801
1253502
1219602
1253601
1253501
1221200
1219900
1219800
1223100
1222800
1182800
1280016
1182207
1333800
1209100
1265308
1265600
1249002
1314000
1314100
1248500
1299104
1253200
1193211
1324800
1249602
1337205
1336103
1126100
1337204
1252802
1269400
1268400
1274400
1269000
1273400
1269701
1269702
1269300
1269500
1279501
1192113
1251206
1336700
1336800
1251204
1279107
1251202
1271000
1279042
1275400
1272100
1272000
1191201
1192800
1300800
1296904
1296903
1125500
1250002
1296602
1297001
1277101
1276604
1179606
1176200
1313000
1322900
1312600
1328600
1309800
1329400
1331801
1328502
1261400
1328700
1331500
1329500
1289108
1261800
1330102
1292600
1276000
1260900
1262100
1276100
1331402
1189703
1204813
1172303
1206907
1305200
1305701
1322602
1306500
1306900
1297701
1305601
1125400
1322300
1312305
1213802
1192602
1250402
1251000
1125100
1297300
1263500
1321900
1291100
1291600
1291000
1290900
1260301
1292000
1171600
1206826
1179200
1169102
1205053
1171100
1206823
1205070
1204704
1167700
1161505
1205060
1206822
1168000
1190802
1206817
1171000
1205005
1205077
1206811
1205057
1180308
1116602
1115803
1259200
1148000
1303203
1146500
1330501
1258401
1146601
1145100
1148100
1151301
1146700
1147900
1330301
1048602
1147800
1263000
1149600
1205062
1205082
1206704
1205089
1189701
1162502
1190809
1205031
1212500
1166900
1325400
1114201
1313701
1211601
1212202
1191802
1335000
1212201
1334300
1207900
1193306
1193702
1213300
1211400
1141800
1143900
1141900
1140600
1152401
1142000
1141700
1143800
1205300
1205028
1166200
1204931
1165700
1161800
1205084
1204932
1205044
1189000
1204923
1164500
1202408
1159902
1204937
1201605
1159901
1204916
1158502
1204924
1164400
1158102
1190400
1188104
1159201
1205009
1202409
1192001
1191900
1136400
1136801
1136300
1138909
1204509
1151101
1136900
1281200
1244800
1258707
1264704
1302400
1258503
1245001
1302600
1245200
1258506
1264702
1244900
1188102
1157301
1156100
1162902
1200800
1201200
1157800
1186500
1199700
1216800
1216700
1288802
1282600
1289102
1289106
1214900
1216200
1214500
1216101
1192900
1191400
1242300
1238200
1257900
1255700
1239000
1242400
1204401
1153002
1155500
1200300
1342000
1153801
1154900
1153203
1154702
1284900
1284802
1284702
1284801
1283900
1286500
1287000
1284600
1198900
1204502
1197800
1202902
1198200
1203600
1196500
1203400
1207600
1209802
1239400
1338701
1259000
1237400
1228500
1264502
1256205
1228900
1239500
1302200
1281412
1281408
1281404
1281411
1281413
1281405
1281406
1281414
1281410
1281409
1230719
1254501
1235000
1254406
1254700
1254405
1236400
1224302
1230714
1236300
1236200
1004700
1257200
1226700
1235100
1254503
1228100
1232101
1195200
1195100
1025803
1026004
1025902
1025903
1025904
1025801
1025802
1026005
1026001
1207002
1224702
1231700
1218700
1225000
1217400
1257500
1224500
1231800
1231900
1026501
1187201
1195700
1187203
1280306
1280305
1280304
1280303
1182300
1280201
1186600
1111000
1185202
1184200
1182600
1218802
1223000
1265304
1254200
1299600
1256600
1253800
1219201
1253905
1133900
1318100
1324900
1326111
1266202
1326105
1326116
1314300
1314200
1265003
1335500
1314400
1335900
1266201
1280018
1318500
1264303
1280010
1026401
1182900
1182500
1212610
1212611
1212607
1206600
1207005
1193601
1193501
1246900
1206505
1247600
1247100
1133402
1265302
1338600
1132900
1246700
1247000
1266610
1267009
1266612
1266503
1279201
1267007
1181907
1266803
1266620
1181002
1180903
1209400
1249604
1251605
1337304
1338300
1249603
1253002
1337100
1125600
1253100
1132000
1340400
1131301
1340300
1251207
1130000
1324100
1340500
1264800
1265501
1340200
1129700
1127703
1132102
1335400
1252300
1268211
1339100
1268600
1279110
1268501
1268804
1268801
1082400
1387900
1268205
1279109
1193900
1192107
1112800
1193001
1298705
1335600
1298704
1336500
1337401
1325903
1271100
1129200
1271700
1279040
1271800
1279039
1272600
1271200
1273500
1275500
1272400
1333100
1279905
1332300
1277700
1279004
1277800
1313801
1394900
1277601
1332100
1313704
1192105
1192104
1192201
1206306
1180011
1296601
1250800
1124001
1325905
1313609
1308900
1298000
1320700
1311300
1308300
1298403
1311100
1311200
1320403
1294500
1353700
1353601
1280604
1179605
1179505
1206904
1177600
1177300
1206002
1411500
1289109
1206918
1178201
1206913
1180307
1204818
1178003
1180403
1175300
1206912
1180405
1179901
1173300
1176300
1127400
1204819
1312700
1305908
1334600
1308000
1312900
1303103
1277401
1261500
1331600
1277201
1293800
1336000
1280503
1260800
1293502
1292900
1280501
1260700
1259600
1172500
1206807
1172400
1174000
1126900
1123500
1299700
1325800
1127601
1125301
1299800
1289700
1290300
1289400
1289600
1289500
1290100
1290200
1260402
1205071
1170500
1161507
1168600
1168200
1206812
1205072
1116702
1213500
1115000
1145300
1147200
1148300
1147300
1145600
1145401
1148700
1204508
1147100
1149500
1189800
1190709
1205048
1205049
1161502
1190810
1205094
1205025
1213100
1333702
1211800
1211701
1144400
1192003
1142700
1135200
1141200
1140700
1135000
1142200
1135300
1190301
1159301
1159202
1190500
1163200
1202404
1205101
1208002
1207700
1245002
1245400
1245300
1246200
1246100
1246400
1156800
1201500
1157402
1158900
1157401
1201000
1201900
1202500
1157601
1215400
1333500
1302100
1214602
1243401
1242600
1133102
1242500
1256400
1244100
1196700
1214700
1214001
1288701
1288100
1288400
1233600
1233700
1225400
1226400
1234000
1254800
1233500
1230723
1228001
1254600
1195600
1195900
1188805
1195500
1280302
1280202
1280900
1184500
1204513
1195700
1334400
1188700
1281005
1194500
1111100
1225100
1230500
1230602
1230601
1230715
1225600
1264402
1224200
1232600
1221600
1264404
1318400
1223301
1326106
1326102
1223600
1217900
1295301
1319902
1253602
1253901
1220501
1319200
1223700
1222300
1219000
1185100
1184800
1209600
1315500
1208700
1315200
1315100
1316000
1316200
1314800
1316100
1265002
1183502
1183501
1313802
1183601
1183700
1266701
1266615
1184100
1266613
1266616
1183005
1266609
1266621
1193404
1183200
1209501
1247400
1191600
1265702
1313900
1246801
991900
1247200
1246600
1132800
1248000
1133600
1249400
1341600
1133800
1338106
1248100
1337902
991703
1341500
1295000
1352000
1338200
1341400
1340600
1249606
1249605
1266806
1133700
1266805
1267302
1267303
1204507
1182000
1192300
1191801
1131302
1134500
1132400
1129900
1336601
1130700
1130100
1130800
1279203
1132300
1267400
1268206
1267600
1268212
1267800
1279106
1279502
1181100
1279105
1275109
1270504
1270600
1275114
1269800
1275110
1279015
1270503
1272700
1279017
1279906
1279602
1271300
1270800
1272200
1275111
1272800
1206503
1301001
1338102
1296702
1128500
1338106
1128700
1323600
1326001
1321200
1321100
1323303
1323402
1298405
1250003
1298902
1333300
1278405
1278310
1179701
1177500
1179702
1204826
1180404
1178004
1176900
1204828
1180201
1176800
1191100
1333900
1308500
1308600
1308400
1294800
1306104
1294400
1278102
1278201
1261601
1278103
1039503
1278203
1289001
1293702
1276401
1326200
1331202
1276603
1261300
1331802
1331900
1276202
1204820
1174400
1204821
1310200
1175100
1310600
1294300
1307800
1310100
1305905
1313400
1297501
1322500
1307500
1124700
1307400
1297400
1124302
1323000
1325904
1307600
1331700
1261002
1353200
1260100
1260000
1293600
1259800
1331300
1261900
1174701
1178600
1173101
1174200
1179402
1205059
1171700
1170002
1172301
1170600
1169101
1206825
1206824
1172200
1204705
1206806
1297100
1299900
1259500
1292100
1330502
1262800
1330101
1259105
1258902
1264100
1353001
1262200
1151902
1259106
1190804
1168900
1170700
1169301
1170400
1206819
1114901
1189603
1192702
1115802
1321700
1325600
1325500
1150200
1150300
1149300
1150000
1149700
1150100
1152601
1145900
1146000
1263802
1167200
1190811
1205068
1189601
1205019
1167801
1205065
1204602
1206100
1169200
1161700
1205061
1166300
1204918
1189301
1190305
1160401
1204933
1190600
1334100
1165100
1189702
1205079
1160900
1161000
1189602
1162300
1205090
1160104
1212900
1208100
1212000
1141300
1142800
1258800
1144100
1142300
1144300
1142400
1135400
1303700
1139800
1137600
1134202
1258602
1138000
1137400
1258603
1139200
1139300
1263801
1296300
1137200
1264202
1302302
1258403
1158700
1204914
1163300
1159800
1189200
1204912
1205405
1204921
1190302
1207802
1210402
1216903
1210200
1210300
1210100
1208201
1245701
1296000
1296100
1258300
1245003
1245802
1202100
1165900
1158501
1201800
1163100
1201400
1188806
1201300
1156900
1286100
1281100
1286000
1285900
1285600
1284000
1286200
1199100
1162800
1155300
1153602
1153402
1188601
1199301
1153207
1153205
1154101
1203900
1199900
1155800
1188802
1199000
1153208
1154200
1155200
1204000
1210900
1215300
1215200
1215000
1256500
1215700
1242800
1301900
1240900
1243402
1242700
1258501
1281800
1287100
1256201
1230000
1241700
1228200
1240100
1231200
1229800
1255300
1239700
1235800
1228300
1237800
1230100
1235600
1235700
1229500
1133206
1241800
1264503
1236700
1203100
1196800
1203203
1197200
1214203
1209802
1214201
1288602
1288601
1333600
1207203
1234300
1230721
1234100
1234200
1230724
1232300
1230900
1225900
1234400
1187402
1185600
1202600
1196000
1196300
1026104
1281502
1281403
1281504
1281503
1026103
1026508
1026105
1281501
1281006
1194000
1185400
1186800
1319600
1220100
1319800
1319300
1318800
1220600
1220200
1220700
1319700
1280705
1313703
1184900
1317400
1251500
1316300
1320102
1251400
1318000
1317800
1326115
1266618
1191701
1336101
1325200
1324600
1324700
1337206
1325100
1337306
1298702
1336201
1266904
1266406
1181701
1266501
1181702
1266407
1181703
1181804
1192102
1252400
1340000
1339700
1339800
1130900
1340900
1131400
1132200
1340100
1275105
1279027
1279032
1275117
1275116
1279026
1280703
1274800
1274700
1192110
1296500
1320900
1294602
1298406
1128200
1127501
1278315
1278313
1278314
1278311
1279006
1333400
1278312
1278316
1180202
1206923
1179801
1179506
1179607
1300400
1300500
1313605
1311500
1294200
1313604
1308701
1327600
1327400
1327200
1327700
1327100
1327000
1326700
1327300
1327800
1327500
1180301
1175500
1206916
1204824
1204823
1175600
1190903
1173700
1175702
1173900
1174800
1172302
1191002
1179403
1173103
1174900
1204811
1172600
1127602
1306700
1304500
1306400
1305500
1304602
1262000
1261100
1292800
1275700
1276201
1330900
1353300
1292500
1259104
1330601
1170001
1168502
1170300
1206831
1206828
1300002
1312301
1250001
1312303
1297200
1321400
1321600
1321500
1334800
1124901
1114802
1321300
1262300
1169000
1172000
1170800
1206820
1205074
1170900
1205076
1162400
1190803
1161503
1190702
1167300
1205030
1161600
1205051
1167400
1167802
1205066
1190701
1205015
1204702
1167900
1166800
1166500
1204708
1114300
1150901
1150902
1146400
1149800
1150500
1146300
1150800
1152000
1150702
1151000
1138800
1263700
1303102
1138500
1144600
1139700
1139900
1144700
1142500
1138100
1135703
1135600
1144800
1134600
1140000
1135500
1138400
1263900
1147700
1190303
1204929
1205040
1205012
1165300
1205039
1160300
1161101
1159500
1212102
1211200
1208001
1192500
1210401
1212603
1211300
1217102
1333701
1210403
1138906
1303500
1152402
1303400
1258402
1303000
1138907
1303600
1205407
1202406
1160500
1204926
1205409
1163800
1164000
1163900
1158800
1189100
1199601
1157000
1157100
1188001
1201700
1200401
1153300
1204935
1159101
1153206
1205700
1157404
1200600
1200700
1180502
1202000
1205603
1205602
1163001
1216300
1216600
1216400
1258707
1264703
1245902
1258702
1258705
1295800
1133302
1284300
1282900
1282200
1029001
1282800
1283100
1244000
1240200
1241000
1240000
1257700
1243600
1295500
1255400
1244400
1256210
1229600
1242900
1134204
1256209
1229300
1243800
1187903
1203800
1153001
1153504
1153501
1154300
1199302
1154500
1212605
1212604
1207801
1210000
1283600
1287700
1287600
1283800
1286300
1288002
1288001
1283500
1283700
1207400
1214204
1214300
1207202
1113200
1214003
1209900
1214601
1227300
1295302
1231300
1228400
1133000
1302301
1264505
1230200
1230401
1185900
1180501
1197000
1197700
1197600
1026107
1026108
1026109
1026106
1281401
1194700
1202700
1187207
1187500
1193503
1234900
1230722
1234800
1254404
1234700
1227900
1234600
1230725
1255000
1230720
1026601
1217800
1226202
1126300
1219402
1233000
1133205
1223900
1232900
1232800
1218200
1299500
1225300
1253906
1224900
1230707
1225700
1254100
1231400
1225802
1186901
1281601
1187600
1186000
1026402
1184402
1207204
1208800
1221100
1220900
1219601
1221000
1335700
1222500
1222401
1222700
1222403
1280103
1280014
1182702
1182206
1183400
1183300
1183807
1183809
1183004
1185700
1208600
1317600
1301501
1326109
1253001
1221801
1301502
1317500
1299200
1264301
1132700
1266100
1248600
1299105
1299400
1132502
1266000
1304302
1265001
1265309
1299300
1326108
1280011
1209502
1193403
1193210
1190000
1206504
1208900
1337303
1301700
1325000
1336204
1324500
1336102
1336300
1266405
1266502
1267005
1267004
1266404
1181905
1181803
1267008
1181908
1270100
1267102
1274300
1273900
1273300
1279011
1270700
1279114
1269200
1274200
1084604
1084601
1269100
1267101
1193212
1193213
1252700
1132101
1131600
1252504
1339900
1251604
1341100
1126500
1131800
1338106
1337700
1337600
1338108
1325902
1323900
1130400
1335200
1250700
1323701
1129501
1252503
1338107
1129402
1249800
1129600
1271600
1274900
1271500
1279902
1279030
1279034
1279036
1279037
1270900
1193301
1193100
1289002
1192103
1180013
1180012
1192204
1177201
1177700
1177100
1296803
1296805
1298601
1300700
1323302
1323301
1296804
1323201
1250100
1296902
1279014
1279023
1332600
1278407
1278305
1278320
1332400
1279024
1278404
1279700
1276700
1280504
1278402
1353800
1293900
1278500
1294003
1294001
1278700
1206001
1176600
1180010
1206920
1180009
1176100
1320600
1320800
1311700
1298903
1298200
1309007
1309300
1308100
1320301
1320501
1305400
1322700
1305904
1313601
1309702
1322800
1294700
1313608
1308200
1329100
1261001
1329700
1328501
1329000
1329300
1329200
1329600
1180304
1178900
1175900
1177800
1180408
1204827
1023000
1174604
1174602
1179401
1172800
1172900
1297902
1306200
1305100
1305602
1304800
1306800
1127701
1048606
1262500
1292400
1262600
1291900
1303801
1262400
1291800
1290800
1206829
1180309
1204712
1171500
1115801
1213401
1263200
1161400
1161501
1205032
1162600
1205092
1205024
1166700
1205088
1210800
1116701
1303101
1134900
1134800
1144500
1140300
1140200
1134700
1138600
1143300
1205083
1161109
1205200
1205080
1162000
1162100
1162200
1205027
1165600
1161901
1217101
1217002
1136200
1303202
1330203
1136100
1135902
1136000
1135901
1258604
1136802
1135702
1156600
1162901
1157700
1199602
1157602
1156000
1342100
1216902
1212606
1283300
1282500
1282400
1238800
1240300
1242200
1229402
1242100
1237700
1255500
1238100
1238900
1154800
1154701
1153003
1153100
1155400
1154600
1199202
1153701
1199400
1200200
1209700
1229902
1255100
1230300
1241100
1227600
1239300
1230402
1239200
1241200
1238300
1288200
1281407
1194900
1187208
1187300
1195300
1191500
1213900
1281505
1025700
1025901
1231500
1218400
1329800
1134203
1253907
1217500
1253908
1026405
1280801
1026404
1026403
1187204
1194300
1186701
1187100
1187800
1026406
1205601
1280104
1332702
1026301
1185201
1280706
1183803
1184401
1208700
1207102
1218900
1218000
1221400
1134400
1264401
1221300
1253701
1223200
1221500
1222900
1326107
1318200
1320101
1314900
1317900
1220400
1222100
1247902
1315000
1326110
1222000
1125900
1317100
1317300
1314600
1315400
1317200
1280017
1280015
1193307
1252202
1249001
1248900
1248800
1249100
1249300
1338400
1265701
1249200
1280003
1182205
1182400
1279405
1267006
1280009
1279408
1280002
1266611
1181904
1181909
1181500
1181001
1253300
1126200
1252803
1125700
1337901
1126600
1253400
1252900
1298801
1130300
1324202
1132501
1130500
1341300
1130200
1131900
1341200
1338106
1129502
1133501
1249500
1252201
1129800
1131700
1252801
1324201
1339000
1132601
1268700
1269600
1268300
1268210
1268900
1268803
1268502
1191202
1206204
1193202
1193203
1191301
1192205
1326002
1336602
1337502
1338102
1338101
1128300
1323500
1323800
1337501
1250500
1273600
1279041
1271900
1279038
1280702
1275000
1272500
1279601
1272900
1277602
1278307
1395000
1277501
1332701
1278802
1278322
1261604
1279018
1278304
1204512
1277900
1277502
1179504
1206004
1128001
1297002
1335100
1300901
1127800
1251203
1310900
1311800
1311900
1310800
1308800
1127502
1309008
1294900
1306101
1306102
1298901
1311000
1306106
1312000
1276800
1039501
1039202
1293300
1177400
1206902
1176700
1179802
1206921
1206924
1206922
1180005
1179608
1289111
1175201
1178202
1174300
1175000
1180409
1204817
1178700
1180100
1173400
1176500
1307900
1307700
1309900
1310000
1300300
1312800
1306000
1293400
1328200
1303802
1277000
1276500
1293701
1292700
1276901
1293000
1261700
1206906
1178500
1204806
1173000
1294102
1334500
1307000
1305702
1305300
1306600
1309502
1307100
1288900
1127100
1251100
1124400
1124902
1322102
1294101
1312400
1125200
1124301
1322000
1125302
1289900
1289200
1330700
1291500
1291300
1291200
1289800
1291400
1289300
1290000
1206703
1179100
1171202
1023200
1190807
1161506
1169500
1189500
1206705
1169900
1167500
1205054
1171900
1205058
1168300
1204709
1125001
1151800
1151701
1148500
1145500
1258903
1330302
1148400
1145200
1152700
1151401
1148600
1147000
1148200
1146602
1303201
1189302
1205064
1167601
1167000
1204603
1205093
1162702
1205026
1192701
1211604
1213700
1192604
1113500
1211500
1211603
1258902
1142100
1143700
1143600
1143400
1141500
1140500
1141600
1140800
1143500
1161104
1166100
1161106
1205085
1205086
1161902
1161300
1190704
1205078
1204404
1164800
1164700
1158200
1164900
1204936
1159102
1205502
1165000
1204925
1201606
1205408
1164600
1159600
1204927
1158000
1205403
1190100
1137300
1139000
1139100
1137000
1139402
1136702
1136500
1136701
1137900
1288803
1258708
1258706
1245101
1152302
1265200
1258505
1246300
1258504
1258707
1243900
1264701
1265306
1158405
1157500
1188002
1204403
1200000
1201100
1156700
1158406
1207500
1193701
1214400
1215802
1212609
1215100
1216000
1216102
1240500
1240600
1238000
1243200
1240400
1264504
1229403
1153702
1204200
1203700
1153802
1155100
1188403
1155600
1204300
1286800
1028900
1286600
1288500
1286700
1285300
1188300
1198800
1203000
1198500
1188401
1187902
1203500
1186702
1196600
1198100
1188501
1198400
1238500
1295400
1255200
1237500
1256208
1241300
1241400
1239600
1237600
1026702
1287900
1288300
1026602
1257400
1226800
1235300
1233200
1226900
1225500
1226100
1229903
1236600
1257100
1264403
1227000
1228600
1235200
1230718
1236500
1233300
1235400
1233400
1231003
1195800
1195000
1209801
1026007
1026008
1026006
1026003
1026002
1026101
1230801
1233100
1224100
1232700
1224401
1350601
1217600
1232000
1224600
1185000
1184300
1189400
1209002
1326113
1315600
1315900
1314700
1264304
1314500
1315700
1299102
1315300
1280005
1183100
1183900
1207006
1247300
1265800
1246802
1265502
1247500
1134100
1252100
1267301
1184700
1279202
1267200
1182100
1266801
1184000
1193303
1339200
1340800
1130600
1326101
1301302
1339300
1131200
1279007
1267900
1267705
1279908
1268000
1279009
1268100
1279010
1279904
1192207
1206203
1179610
1206401
1179609
1251205
1301101
1298706
1128400
1128004
1323205
1323204
1278600
1279300
1332200
1278801
1279802
1278309
1333200
1278403
1192106
1180015
1320402
1313611
1313612
1306105
1261602
1278000
1277301
1277302
1276602
1194100
1278101
1204511
1277303
1281300
1178100
1178800
1180306
1174603
1175701
1180305
1173500
1313200
1313100
1310500
1305907
1127901
1310400
1313300
1289110
1124600
1309601
1300600
1320302
1300200
1309602
1305901
1124500
1307200
1304601
1294103
1331401
1293501
1259700
1292300
1293100
1331100
1259900
1206910
1204815
1174100
1206908
1206402
1204814
1172700
1174702
1204816
1178300
1204707
1170100
1204713
1179302
1190805
1169600
1178400
1172100
1168501
1204714
1322201
1127200
1127002
1250401
1250300
1250900
1262700
1290500
1330800
1260202
1353002
1290400
1290700
1290600
1151901
1259300
1151600
1262901
1151500
1264000
1151402
1259101
1151702
1206813
1205073
1204710
1168400
1205075
1114202
1334900
1116100
1116601
1210700
1114801
1149400
1145700
1149000
1149200
1145800
1148800
1148900
1149100
1258401
1204605
1205050
1205067
1167602
1204604
1167100
1190708
1205063
1205038
1166400
1165800
1205023
1204917
1206701
1190703
1160700
1160103
1161107
1161111
1160600
1160402
1161110
1205029
1205036
1160102
1190705
1193800
1192603
1347700
1213000
1211900
1210404
1141400
1140900
1144200
1135100
1141100
1141000
1142600
1144000
1142900
1152501
1258000
1137700
1303302
1258200
1137800
1303301
1258703
1263600
1137100
1136600
1302700
1302900
1137500
1353100
1258601
1139401
1204913
1201604
1205404
1159302
1204920
1202407
1159401
1158600
1159303
1159402
1193602
1216501
1192002
1113302
1245702
1258401
1265307
1245801
1245600
1245500
1246500
1156300
1157403
1156200
1163002
1157900
1200900
1159000
1202200
1158407
1285500
1285400
1285000
1285700
1282000
1288804
1285100
1285200
1285800
1286900
1188808
1153204
1188807
1158300
1153601
1188404
1155900
1188900
1198700
1155000
1153401
1186300
1334200
1198601
1215600
1244300
1240800
1244200
1240700
1256304
1243300
1134302
1302000
1029002
1227100
1238700
1237300
1241600
1229901
1329900
1256207
1239800
1231100
1235500
1255600
1241500
1255800
1235900
1256303
1229700
1228700
1228800
1239900
1203205
1196900
1203206
1197300
1186704
1203204
1212700
1191703
1214100
1214002
1281700
1193502
1254900
1232102
1254505
1227800
1233900
1233800
1226000
1232200
1186201
1196100
1026505
1026504
1026503
1281001
1026102
1026507
1026506
1393501
1341900
1187700
1184600
1185300
1028600
1194400
1209001
1193305
1230713
1256900
1230706
1224402
1230802
1133101
1257000
1230716
1330201
1224301
1318900
1223800
1223500
1222200
1217200
1319100
1318700
1253702
1254000
1319903
1219100
1330001
1220502
1319000
1221700
1223400
1326117
1126800
1219202
1185500
1317000
1316400
1326114
1316900
1316600
1316800
1315800
1320200
1316500
1316700
1183806
1183602
1266702
1266617
1266614
1026302
1183007
1280012
1183003
1266619
1183006
1280013
1266704
1247800
1304400
1247901
1303900
1126700
1337000
1247700
1304000
1338000
1337402
1249902
1341800
1295100
1336400
1341700
1301400
1251603
1337302
1298802
1133401
1324400
991704
1132602
1340700
1126000
1266905
1266903
1267304
1181802
1182203
1267011
1191702
1206202
1206302
1193214
1337800
1301301
1324000
1252603
1339500
1339600
1339400
1252602
1131102
1126400
1279407
1279406
1268208
1279112
1268207
1268209
1181302
1267703
1274500
1279907
1275113
1279111
1275112
1279031
1272300
1275600
1279025
1279028
1269900
1274000
1279016
1275108
1270300
1083102
1270400
1279033
1273800
1192208
1192112
1193002
1249901
1249700
1298707
1301303
1128600
1338900
1323702
1338800
1252604
1128900
1338105
1309003
1309006
1312100
1301102
1300902
1309005
1294601
1251800
1128100
1309100
1323202
1309004
1301002
1278900
1332500
1039502
1279012
1279901
1205900
1180014
1289107
1209200
1178002
1179902
1206003
1179503
1176000
1177900
1180001
1175800
1177000
1311600
1311400
1298300
1250200
1320404
1039300
1277304
1277402
1278202
1412000
1326500
1293200
1326400
1326600
1326300
1332000
1326900
1326800
1332902
1174500
1173600
1206914
1204822
1206501
1175400
1297800
1310700
1313500
1313603
1320401
1310300
1322601
1127300
1300100
1123900
1297502
1261200
1280400
1170003
1171300
1169700
1206827
1190902
1321802
1127001
1300001
1334700
1322202
1291700
1259401
1004900
1259402
1152900
1263300
1263100
1204711
1171201
1168700
1206815
1190806
1213402
1114500
1151302
1146100
1004800
1150600
1152602
1150701
1150400
1151200
1146200
1205501
1205037
1204928
1165200
1205011
1205800
1190200
1205042
1210600
1212400
1211702
1208400
1213200
1114601
1151102
1133201
1152301
1134301
1133301
1296400
1204915
1159700
1163500
1163400
1205406
1163600
1205401
1202405
1204909
1163700
1258100
1133204
1245901
1245102
1264600
1302800
1284100
1282100
1283000
1282702
1288702
1282701
1186400
1204100
1188405
1153603
1153503
1198602
1199201
1154102
1154000
1215900
1283400
1287200
1281900
1287300
1237100
1330202
1237000
1227200
1255900
1236900
1236800
1229200
1237200
1227400
1111200
1203300
1203207
1187901
1197100
1227700
1254502
1231004
1226300
1254504
1254407
1231001
1256302
1226500
1234500
